#      Train        Test
     12.1389       9.5464 
     7.72658      7.83121 
     6.97614      7.47329 
     6.43829      7.12501 
     6.19614      6.19756 
     6.06004      6.24591 
     5.68618      6.07292 
     5.53523      6.91847 
     5.49187      5.91024 
     5.39684      5.89815 
     5.17344       6.1825 
     5.05427      5.42765 
     5.13786      5.85729 
     4.93343      5.19796 
     4.90102      6.00975 
     5.00445      5.63199 
     4.79189       5.1334 
     4.72172      5.33884 
     4.64425      5.33093 
     4.65534      5.09309 
     4.59573      5.78131 
     4.65113      4.86451 
     4.61284      5.16053 
     4.38319      5.28752 
     4.54944      5.64304 
     4.37688      5.28758 
      4.4241       5.4188 
     4.30204      4.77202 
     4.35253      5.24038 
     4.34007       5.2159 
     4.24896      5.75442 
     4.34439      4.91026 
     4.14651       5.6859 
     4.24654      5.84529 
     4.20671      4.88367 
     4.11662      5.44902 
     4.16624      5.19036 
       4.138      5.05729 
     4.02095       4.8388 
     4.05029       4.6508 
     4.03366      4.88038 
     4.08379      5.07239 
     4.00227        5.297 
     3.84813      4.95535 
     3.85271      5.11263 
     3.79109      5.52578 
     3.86031      4.94892 
     3.77491      4.10141 
     3.72903      4.83472 
      3.7511       4.6596 
     3.74891      4.68191 
     3.50939        5.116 
     3.45563      4.30323 
     3.40774      4.92175 
     3.22814      4.58306 
      3.2773       4.9468 
     3.23432      3.76394 
     3.17712      4.79558 
     3.06783       4.2515 
     3.08254      4.95233 
     3.15704      3.98014 
     3.05044      3.69572 
     2.99727      4.80719 
     2.94154      4.16884 
     2.94835      3.80905 
     2.94022      4.31894 
     2.85766      3.88954 
     2.91654      3.61996 
     2.75763      4.48223 
     2.64639      4.07997 
      2.7458      3.73534 
     2.83877      4.19803 
     2.69136      3.44133 
     2.67009      3.22517 
     2.66381      3.51088 
     2.66715      3.05766 
     2.63357      3.28953 
     2.61452      3.29456 
     2.55546      3.39713 
     2.68431      4.29715 
     2.52832      3.90662 
     2.62032      3.17075 
     2.58448      4.86071 
     2.59697      4.31511 
     2.55508       4.4363 
     2.54466      3.50804 
     2.49892      4.17607 
     2.44766      4.14372 
     2.48914      3.77036 
     2.40822      4.14505 
     2.46257      3.78216 
     2.42757      3.64034 
     2.26664      3.65272 
     2.38941      3.43629 
     2.28918      3.93368 
     2.37221      3.92876 
     2.30685      3.94739 
     2.29129      3.71024 
     2.45273      3.51671 
     2.31551      3.77656 
     2.15328      4.06547 
     2.21741      4.49785 
     2.27786      3.74104 
     2.27086      3.75329 
     2.16583       3.7982 
     2.03842      3.75762 
     2.12039      4.42119 
     2.25066      3.84597 
     2.04481       4.3148 
     2.17828      3.56333 
     2.01176      4.16519 
      2.0375      4.92932 
     2.05267      4.00468 
     2.06993      3.94868 
     1.99657      4.51868 
     2.00116      4.06439 
     2.05037      3.97053 
     2.12111      3.83519 
     1.96105      4.11821 
     1.94969      4.13989 
     1.93359      4.42067 
     2.00369      4.85148 
     1.98149      3.78903 
     1.99835      4.38532 
     1.83921      4.23711 
      2.0508      4.26556 
     1.93801      4.34897 
     1.91198      4.73813 
     1.86313       3.8428 
     1.79865      4.35909 
     1.93983      3.86886 
     1.86414       4.0119 
     1.72366      4.26966 
     1.91248      4.36567 
     1.83942      3.99212 
     1.87988       4.0338 
     1.82115      4.45117 
     1.81567      4.25781 
     1.87199       3.8442 
     1.83759      4.29703 
     1.75423      3.95662 
     1.87319      4.16509 
     1.83203      4.17556 
     1.86364      4.65235 
     1.75945       4.0781 
     1.85754      4.37435 
     1.85574      4.22072 
     1.82289      3.89375 
     1.73812      4.95326 
     1.71264      4.21341 
     1.62966      4.61224 
     1.69455      4.35507 
     1.74693      3.70584 
      1.6877      4.05831 
     1.79304      4.15649 
     1.63407      3.86151 
     1.75814      3.70989 
     1.61232      4.65443 
     1.85477      3.51706 
     1.59657      4.05246 
     1.68225      4.78637 
     1.75878      4.41797 
     1.69801      4.75873 
     1.67671      4.20618 
     1.56225      4.49744 
     1.56814      4.20722 
     1.67529      4.27693 
     1.58548      4.33994 
     1.57956      4.26898 
     1.59836      4.21175 
     1.53699       4.0286 
     1.62765      4.84738 
     1.66997      4.36476 
     1.63363      4.11829 
     1.48146      4.51004 
     1.60969      3.96389 
     1.61991      4.70754 
     1.60432      5.29345 
     1.61709      5.39646 
     1.60225      4.71206 
     1.70487      4.38663 
     1.52682      4.67769 
     1.53931      4.55724 
     1.56958      4.11919 
     1.60504      5.01296 
     1.64913      4.56681 
     1.55452      4.94103 
     1.34639      5.09535 
     1.50104      4.73362 
     1.43453      4.32345 
     1.45628      4.50488 
      1.5912      4.65488 
     1.47604      5.25488 
     1.52489      4.56438 
     1.53936      4.63988 
       1.441      5.21485 
     1.52849      5.50367 
     1.54059      4.27656 
      1.4167      5.73278 
     1.49174      5.00715 
     1.43129      4.44339 
     1.44751      4.92165 
     1.47272      4.32755 
     1.60235      4.70057 
     1.34831      4.48626 
     1.40513      4.56341 
     1.47189      4.44894 
     1.53217       4.3419 
     1.50713      4.00627 
     1.41981      4.31637 
     1.56707      5.23957 
     1.50014      4.60253 
      1.4208      4.12652 
     1.43838      4.34485 
     1.51845      5.12605 
     1.38994      5.15089 
     1.38572      4.35907 
     1.45452      5.14232 
      1.4468      4.73358 
     1.40788      5.47532 
      1.3669      4.46336 
     1.40363      5.20455 
     1.38499      4.87842 
     1.40982      5.39087 
     1.31825      4.87525 
     1.40588      5.39573 
     1.39787      4.65257 
     1.36968      5.15929 
     1.39462      5.15006 
      1.3011      5.22812 
     1.34622      5.40646 
     1.36769      5.90247 
      1.2401       5.7806 
     1.27621      5.35006 
     1.38293      5.40247 
     1.22326       5.4631 
     1.40728      5.44527 
     1.24142      5.26367 
     1.24219      5.66073 
     1.34751      5.30801 
     1.26431       5.4377 
     1.24824      5.50102 
      1.1442      5.63358 
     1.28244      5.74462 
     1.28179      5.72536 
     1.19441      5.91788 
     1.22789      5.59045 
     1.28627      5.05024 
     1.18628      5.99812 
     1.15499       5.8294 
       1.253      5.44091 
     1.27507      5.57629 
     1.26453      5.65063 
     1.22556      5.44979 
     1.28258      5.65452 
     1.11026      5.60585 
      1.2892      5.97654 
     1.20667      5.21328 
     1.24947      5.63384 
     1.16639      6.05524 
     1.18345        5.831 
     1.19675      5.70732 
     1.25006      5.67429 
     1.25735      5.69891 
     1.26452      6.12634 
     1.35633      6.09296 
     1.15255      6.29809 
     1.19702      6.43894 
     1.22277      5.90138 
     1.23885      7.00745 
     1.13575      6.26405 
      1.1028      5.99587 
     1.29203      6.07779 
      1.0658      5.89707 
     1.18351      7.02508 
     1.14962      6.10831 
     1.17696      6.19069 
     1.28394      6.87671 
     1.19713      5.82717 
     1.23446       5.9248 
     1.23726      6.26318 
     1.23347      7.28415 
     1.21033      5.42795 
      1.2013      5.95039 
     1.17145      5.67305 
      1.1451      6.17177 
     1.18137      6.07297 
     1.13605      6.15102 
     1.28025      6.02142 
     1.14592       6.3268 
     1.12182      6.67996 
     1.05221      6.53873 
     1.17101      6.76358 
     1.23066      6.42989 
     1.12539      6.20971 
     1.07965      5.95725 
     1.16775      7.85826 
     1.13906        6.804 
     1.08824      6.79756 
     1.16266      6.84645 
     1.05653      6.14773 
     1.00197       6.9813 
     1.16817      6.18558 
     1.15242      6.64412 
     1.08558      7.25669 
     1.05045      6.29782 
     1.13458      6.31859 
     1.10376      6.87155 
     1.03087      6.95681 
      1.0766      6.96803 
    0.961787      7.41809 
     1.10702      7.25541 
     1.20756      6.20011 
     1.09651      7.23326 
     1.07372      7.43631 
     1.09276      8.32103 
      1.1044       6.8612 
     1.12387      8.04561 
     1.11595      6.82546 
     1.12591      7.32447 
     1.19585       6.9706 
     1.10189      6.90512 
     1.08515      6.97245 
      1.0889      6.94192 
       1.015      6.66711 
    0.994602      6.85707 
     1.20582      6.66393 
     1.07373       7.5772 
     1.10214       6.8921 
     1.09815      6.82494 
      1.0499      7.80053 
     1.03463      6.97331 
     1.09433      7.41665 
     1.02801      7.37885 
     1.07409      7.41095 
     1.06961      8.22193 
      1.1404      7.25291 
     1.11385      7.22004 
     1.01769      7.24938 
     1.07314      7.71763 
     1.07293      6.92346 
     1.01707      7.78605 
    0.984274      7.85396 
     1.08439      7.22872 
     1.06159      7.31043 
     1.05946      8.21027 
     0.98729      7.89692 
     1.05365      7.22583 
     1.18438      7.85174 
    0.935483       7.7648 
    0.935809      8.61063 
     1.10489      7.66386 
    0.966456      7.90257 
     1.03818      8.74065 
     1.01569      8.38902 
    0.893414      8.64016 
    0.923796        8.838 
     1.01812      8.60795 
     1.04983      8.12669 
    0.922015      8.37668 
    0.962843      8.04986 
     1.04139      8.39582 
      1.1041      8.71089 
     1.05109      7.87954 
     1.08824      8.21257 
     1.03025      8.42261 
     0.95576      8.53593 
     1.02817      8.44673 
      1.1226      8.33592 
    0.990936      8.53229 
     1.03447      8.88628 
    0.962197      8.82511 
      0.9719      8.99736 
     1.04113      8.42894 
     1.01167       8.6622 
    0.940322      10.1055 
    0.935721      8.63476 
     1.00296       8.2892 
    0.961944      9.82218 
     1.11147      9.67102 
    0.994537      8.65297 
     1.02886      9.50219 
    0.995778      9.63846 
     1.03963      9.30163 
     1.02793      8.15849 
    0.853765       10.353 
     0.97112      9.09479 
     1.08407      9.70324 
     1.00616      9.53629 
      1.0558      9.70732 
    0.969748      9.56316 
    0.951216      9.54871 
    0.889051      9.54215 
    0.998319      9.69162 
     0.93387      9.87404 
     1.02791      10.0003 
     1.08583      9.15879 
     1.04524      9.81398 
     1.01362      9.62084 
    0.976854      10.1476 
     1.06874      10.2147 
    0.977184      10.6725 
    0.989197      10.9981 
    0.908784      10.6794 
    0.949898      10.1741 
     1.10609      10.0361 
    0.871897      10.1704 
    0.960554      9.46837 
     1.02025      9.63898 
    0.870186      11.3403 
    0.866209       11.249 
    0.918451      11.4346 
     1.00485      11.1941 
    0.918514      10.4681 
    0.962849      10.3641 
    0.924064      10.5203 
    0.847278      10.6791 
     0.93093      10.7218 
     1.00147      11.7135 
     1.00302      12.1641 
     1.09941      11.7924 
    0.960258       11.678 
    0.986009      11.4289 
     1.01422      11.1926 
     0.97441      12.3772 
    0.911591      11.3056 
    0.962589      12.3389 
     1.01262      11.8478 
    0.936874      11.6335 
    0.861209      12.8734 
    0.935019      11.4656 
    0.974723      12.7422 
     0.92338      12.0019 
    0.949641        11.82 
    0.955167      12.8267 
    0.980891      12.3705 
    0.987013      13.1294 
      1.0461      13.6264 
    0.963145      12.6564 
    0.938706      13.5669 
    0.898415      13.4501 
     1.06225      13.6778 
    0.938593       12.981 
    0.957419      11.9452 
    0.925768       11.695 
     0.92643      13.1301 
     1.00931      13.2949 
     1.02356        14.32 
    0.896202      13.3547 
     1.05101      14.0827 
     1.02216      13.5147 
    0.950891      14.3508 
    0.911241      13.8441 
    0.880235      13.9182 
    0.969073      13.4737 
    0.870542      13.9841 
    0.936622      13.9008 
    0.983952      14.8776 
    0.856072      14.5387 
     1.04657      14.8559 
     1.00724      13.4803 
    0.921441      13.3251 
    0.926501      15.1801 
    0.968039      14.4854 
    0.939833      15.1638 
    0.821123      15.0738 
      1.0577      15.3476 
     1.03063      15.0158 
     0.83547      16.1927 
    0.968233      15.2191 
     1.12185      14.9765 
    0.932383      14.6287 
      1.0189      15.1548 
    0.822301      15.1228 
     0.99188      15.0926 
    0.935887      15.4634 
    0.917841      16.1746 
    0.931916      15.8148 
     1.01269      16.3757 
    0.983937      16.2303 
     1.05688      18.1464 
    0.984557      17.3058 
    0.844839       16.176 
    0.969429      16.8363 
    0.962815      17.0268 
    0.976667      17.4375 
    0.886376      18.8872 
     1.07719      16.9593 
    0.951592      16.6869 
    0.984188      16.8089 
     1.03117      17.7963 
    0.989669      18.3949 
    0.965309      18.1218 
    0.954896      18.8191 
      0.9585      17.7373 
    0.957502      17.7775 
    0.837739      17.7974 
     1.04695      18.5236 
    0.878417      18.5505 
    0.900976      17.2431 
    0.915535      18.6563 
     1.02853      19.3025 
    0.895997      18.2127 
     0.91073      17.3306 
     0.95595      19.3844 
    0.932273      20.4096 
    0.876639      19.0565 
    0.992631      18.1041 
    0.845062      21.0996 
    0.987499      20.2763 
    0.923872      19.6605 
    0.899653      19.4241 
     0.91669       18.014 
    0.861749      20.8849 
    0.977781      19.9554 
    0.883367      20.4844 
    0.922168      20.8981 
    0.822905      19.4823 
    0.947646      21.9738 
    0.920017      20.7828 
    0.941416      20.2356 
    0.936363      22.0925 
    0.948876      20.1608 
    0.839339       18.499 
    0.911882      21.4076 
      1.0138      21.4117 
     1.04552      21.4608 
    0.905873      22.0384 
    0.870164       22.748 
    0.887464      22.3245 
     0.83833       22.436 
    0.964533      23.4546 
    0.955285      22.8243 
    0.895419       22.915 
    0.971414      21.9134 
    0.872993      21.7021 
    0.886216      24.2094 
    0.918321      23.4246 
    0.876407      23.8378 
    0.845153      23.4879 
    0.842546      23.5757 
       1.025      23.4975 
    0.845546      23.6496 
     0.82308      23.6265 
    0.980481      23.2505 
     0.84467      23.8539 
    0.892725      24.2737 
    0.853344      25.0655 
    0.975133      23.9226 
    0.940518      22.9055 
    0.885497      26.3392 
    0.851074      25.6076 
    0.810227      25.9871 
    0.958861      23.0527 
    0.968443      23.5632 
    0.954171      24.0291 
    0.878788      25.6685 
     0.88485      24.9219 
    0.900857       25.264 
    0.926897      27.0847 
    0.937841      24.2389 
    0.874824      26.2236 
    0.784827      26.8262 
    0.806534      24.7287 
     0.71288      27.2197 
    0.870474      26.3496 
    0.871496      26.6809 
    0.923462      24.9153 
    0.903084      27.4924 
    0.914783      26.0744 
    0.800987      30.4672 
    0.885785      26.8055 
    0.921188      26.4454 
     0.80398       29.568 
    0.796602      26.6657 
    0.921872      27.8682 
    0.878487      27.4704 
     0.84063      26.5618 
    0.824564       27.335 
    0.889308      27.6048 
    0.910814       27.462 
    0.862818        27.34 
    0.903901      26.2624 
    0.849177      27.8623 
    0.899302      27.8405 
     0.92154      28.8505 
    0.860785        28.68 
    0.778468       25.667 
    0.905314      28.7282 
    0.880263      27.5081 
    0.796501      27.0316 
    0.861311        26.93 
    0.835543      27.2339 
    0.849899       30.165 
    0.929568      29.3452 
    0.699468      28.6159 
    0.887027      29.9476 
     0.80955      29.7643 
    0.796623      28.6005 
    0.956543      29.6053 
    0.936416      29.0272 
    0.962714      26.9715 
    0.808028      29.3161 
    0.783319      29.3774 
    0.814635      27.1266 
    0.852614      30.4445 
    0.858562      28.9829 
    0.844988      30.3884 
    0.821459      29.4915 
    0.735334      29.1913 
    0.852638      28.6712 
    0.928211      30.3853 
    0.920792      28.5425 
    0.889362      28.3227 
    0.813227      29.5601 
    0.762556      27.4457 
    0.836164      28.0974 
    0.793259      30.8759 
    0.885661       30.022 
    0.666589      30.3018 
    0.797326      28.1896 
    0.827793      30.1863 
    0.850319      30.6544 
    0.848697      29.3851 
    0.874361      29.0107 
    0.952824      29.6801 
    0.874718      31.9639 
    0.892437      29.0421 
    0.737148      31.2975 
     0.73569      30.2295 
    0.786933      30.7369 
    0.903008      29.4391 
    0.779898      30.8307 
    0.717948      31.4898 
    0.791756      30.1855 
    0.792631      31.8417 
    0.814998      30.4624 
    0.852239      32.6294 
    0.906616      27.9862 
    0.882638      32.7973 
     0.77625      32.2239 
    0.892177      30.2041 
    0.893231      31.0321 
    0.889325      28.4662 
    0.794519      31.4945 
    0.783539      33.1966 
    0.876428      32.9167 
    0.843186       31.457 
    0.886825      30.5374 
    0.902676      31.3346 
    0.913668      30.9823 
    0.921074      31.0941 
     0.79444      32.8232 
    0.852317       32.999 
    0.886518      31.6724 
    0.740577      30.9101 
    0.801554      30.5547 
    0.826899      33.0131 
    0.852626      30.2544 
    0.899143      27.9533 
    0.984731      31.7174 
    0.865658      32.9328 
     0.89336      31.5453 
    0.889838      31.0807 
    0.901603      34.4934 
    0.854816      33.3156 
    0.862773      31.7885 
    0.807823      32.0208 
    0.835187      29.9527 
    0.877266       33.219 
    0.838833      33.8635 
    0.796193      30.5186 
    0.755543      31.5186 
    0.849302      31.8251 
    0.915608      34.2602 
    0.907069       31.483 
    0.898654      29.2476 
    0.926725      31.8193 
    0.723146      31.5804 
    0.765097      34.0743 
    0.819205      30.7508 
     0.88665      29.7844 
    0.780169      31.6219 
     0.86608      33.4405 
    0.835699      33.0526 
    0.894444      32.3557 
    0.713398      31.1731 
    0.864301      34.1893 
    0.813924      32.8544 
    0.835354      31.6675 
    0.807354      32.0056 
    0.788502      31.4662 
    0.850777      31.6391 
    0.802868      32.1501 
    0.887394      33.1757 
    0.810422      32.7963 
    0.946144      31.9932 
    0.719121      33.2691 
    0.759909      32.8724 
    0.842651      29.9759 
    0.927691      31.7876 
    0.752561      31.4302 
    0.900255      30.7685 
    0.830857      30.0406 
    0.781229      31.0686 
    0.890023      31.5528 
    0.876614      31.5441 
     0.75164      32.4613 
    0.880837      32.3123 
    0.756478      32.9002 
    0.727052      31.6083 
    0.785193      31.5549 
    0.835204      31.7408 
    0.924907      32.8813 
    0.735439      33.4025 
    0.964771      32.6841 
    0.844783       33.419 
    0.863104      30.7825 
    0.904762      31.3507 
    0.903462      31.5054 
    0.792581      33.5456 
    0.860164      33.0118 
     1.06586      31.8872 
    0.714624      32.9553 
    0.819672      32.3677 
     0.93401      31.2925 
    0.794851      32.0826 
    0.802004      32.5507 
    0.887473      35.0109 
    0.720221      32.3157 
    0.858982      33.3181 
    0.729099      33.4536 
    0.864799      33.2649 
    0.943149      34.3437 
     0.90093      34.1263 
    0.685681      33.4967 
    0.855272      32.4029 
    0.758937      32.3195 
    0.871167      33.0775 
    0.707809      32.4564 
    0.814937       32.836 
     0.81056      32.6969 
    0.769774      35.2729 
    0.876857      33.2385 
    0.765881      33.3149 
    0.810054      31.6127 
    0.901031      33.1018 
    0.851828      31.0309 
    0.829526      34.1827 
    0.853938      34.7765 
    0.888592      33.5665 
    0.838819      33.0942 
    0.853216      33.2567 
    0.772612      33.7475 
    0.842355      34.9473 
     0.84219      31.7522 
    0.933468      32.9586 
    0.856603      31.5223 
    0.781026      32.4456 
    0.814588      31.1951 
    0.874988      30.8904 
    0.802092      34.4233 
    0.812337      33.6655 
    0.930545      33.7301 
    0.950193      31.2271 
    0.788095      31.3568 
    0.806108      33.1671 
    0.783428      30.6486 
    0.852652      34.1868 
    0.830927      34.1046 
    0.859254      32.4539 
    0.857721      32.1065 
     0.98762       31.883 
    0.765292      35.2857 
    0.870316       31.465 
    0.866052      33.3257 
    0.902708      33.0932 
     0.86074      33.0146 
    0.715364      34.3897 
    0.761613      33.7645 
     0.86002      34.4532 
    0.857182      34.7078 
    0.766965       32.864 
    0.891851      35.0762 
    0.790238      34.4333 
    0.891024       33.004 
    0.885808      35.8957 
    0.788056        34.16 
    0.857547      33.6145 
    0.865531      32.2032 
    0.829896      36.8937 
    0.817526       34.493 
    0.819622      34.2443 
    0.728075      34.6197 
    0.678949      32.4955 
    0.898816      35.0198 
    0.807491       30.402 
    0.782488       33.459 
    0.861911      33.4204 
     0.76922      32.7516 
    0.806862      32.8217 
    0.848025      34.0302 
      0.9263      35.8128 
    0.876698      33.3631 
    0.836458      33.8144 
    0.884042      35.3003 
       0.845      35.5394 
     0.85032      34.3433 
    0.743695      34.1522 
    0.985277      32.8281 
    0.891863      36.4249 
    0.904171      33.5454 
     0.75967      33.9266 
    0.768702      35.0792 
     0.80823      33.3572 
    0.798013      32.8467 
    0.809294      35.3962 
    0.849943      34.2172 
    0.829653      32.2326 
    0.834831      34.2009 
    0.871433      33.4985 
    0.683451      33.8812 
      0.8314      35.5052 
    0.721778      34.5791 
    0.899073       33.173 
    0.779548      36.4502 
    0.907225      35.5429 
    0.903788      34.0981 
     0.83554      33.8121 
    0.883162      35.5806 
    0.836654      36.1685 
    0.840088      35.4837 
    0.745918      35.1509 
    0.832776      35.9152 
    0.790387      34.5675 
    0.873516      33.2798 
    0.831914      36.5797 
    0.893482      32.9216 
    0.813647      35.3703 
    0.843188      34.0873 
    0.900673      34.4437 
      0.9113      33.3147 
    0.766139      33.6654 
    0.811309      37.0014 
    0.790444      35.8817 
    0.767838      35.3599 
    0.845023      35.5545 
    0.822536      32.4588 
    0.792357      35.0631 
    0.821886      37.2234 
    0.871773       35.924 
    0.832603      35.7739 
    0.904912      36.1848 
    0.844002      36.3408 
    0.862143      33.8111 
    0.749745      33.9896 
    0.819291      34.0719 
    0.855009      34.3656 
    0.754362      34.9003 
    0.873541      36.8413 
    0.838288       34.401 
    0.837527      36.9543 
    0.809534       32.411 
    0.786057      36.2241 
    0.884492      35.0511 
    0.792793      36.0941 
    0.843519      37.1886 
    0.917728      34.4996 
    0.763914      36.1243 
    0.753107      35.3925 
    0.826612      37.3784 
    0.822191      36.1017 
    0.880716      34.6289 
    0.761428      36.8045 
    0.898671      35.5288 
    0.941842      35.2972 
    0.896202       32.888 
    0.744465      33.7084 
    0.787891      33.6462 
    0.843753      33.3842 
    0.799375      35.5366 
     0.77123      35.0849 
    0.851465      34.1416 
    0.778784      33.3451 
    0.808567        32.49 
    0.872902      36.5333 
    0.841585      33.3481 
    0.943952       35.379 
    0.867837      33.5225 
    0.846529      32.2642 
    0.808575      34.5126 
    0.953129      35.5471 
    0.921599      35.6471 
    0.906521       36.591 
    0.891233      37.2713 
     0.79846      31.7365 
    0.883773      34.2134 
    0.944782      35.0804 
    0.843745      36.9982 
    0.821984      36.6572 
    0.833219      35.6283 
    0.702556      36.8933 
    0.920323      35.1447 
    0.841223      35.0957 
    0.801761      36.1019 
    0.926043      36.9488 
    0.850296      33.7513 
    0.674293      33.8382 
     0.85158      35.3651 
    0.797716      35.9388 
    0.780808      36.2582 
    0.803889      35.3165 
    0.720684       31.466 
    0.833997      35.4049 
    0.767461      31.6692 
    0.806825      36.1494 
    0.854596      33.3587 
    0.838194      33.2551 
    0.842352      32.8528 
    0.777301      32.8991 
    0.792193      35.4138 
    0.778395      34.3576 
    0.822032       36.612 
    0.769178      32.9731 
    0.864774      31.2324 
     0.68927      34.4211 
    0.956043      32.6962 
    0.865388      35.8534 
    0.836219      35.1655 
    0.901517      36.3455 
    0.813321      36.1025 
    0.788045      35.4958 
    0.759687      35.2117 
    0.808541      34.3434 
    0.993716      37.4561 
    0.829311      34.2643 
    0.852885      35.6876 
    0.810819      31.9783 
    0.913118      35.5564 
    0.857423      34.3089 
    0.870145       33.401 
    0.849557      35.6005 
    0.942553      36.4511 
    0.951043      36.0184 
    0.742595      37.8059 
     0.90844      37.1088 
    0.805829      36.8802 
    0.905882      33.9658 
    0.886854      35.3995 
    0.780978      38.7581 
     0.82099      36.4327 
     0.81933      36.5426 
     0.83927      38.6886 
    0.884395      39.0084 
    0.908714      36.8106 
    0.966889      34.4603 
    0.903106       36.929 
     0.88524      40.0166 
    0.843137      35.8397 
    0.909011      35.6919 
    0.847953      36.4029 
    0.942126      35.6551 
    0.942409       36.738 
    0.902332      37.1209 
    0.830077      40.4485 
    0.827323      40.5803 
    0.895876      35.3415 
    0.837232      37.0011 
    0.792445      37.3556 
    0.904841      37.9825 
    0.878646      36.1037 
    0.809816      36.2858 
    0.744913      36.3769 
    0.913135      37.2558 
    0.785577      35.7042 
    0.865941      35.5005 
    0.835684      34.7686 
    0.843759      33.9846 
    0.819231      35.5253 
    0.890627      36.6107 
    0.904037      36.5553 
    0.826794      36.3108 
    0.871578       34.871 
    0.787965      35.6459 
    0.873962      36.6477 
    0.849881      34.5722 
    0.952671      35.0061 
    0.825995      35.7319 
    0.845073       38.712 
    0.944039      37.2326 
    0.966701      36.7468 
    0.935958      35.2588 
    0.886543      35.1877 
    0.931695      36.1657 
    0.766311      35.9589 
    0.854048      35.0658 
    0.823049      39.9948 
    0.774381      34.6524 
     0.77849      34.1911 
      0.8129      34.8096 
