#      Train        Test
    0.313835     0.416667 
    0.460539     0.515152 
    0.500464     0.507576 
    0.535747     0.439394 
    0.550604     0.568182 
    0.576602     0.556818 
    0.572888     0.659091 
    0.595172     0.590909 
    0.611885     0.643939 
    0.623027     0.609848 
    0.623027     0.587121 
    0.643454      0.57197 
    0.651811     0.628788 
    0.638812     0.662879 
    0.679666     0.681818 
    0.677809     0.681818 
    0.681523     0.670455 
    0.656453      0.69697 
    0.693593     0.621212 
    0.694522     0.727273 
    0.699164     0.693182 
    0.725162     0.681818 
    0.705664     0.712121 
     0.72052     0.606061 
    0.711235     0.655303 
    0.734448     0.700758 
    0.729805     0.731061 
     0.71402     0.674242 
    0.728877     0.723485 
    0.748375     0.772727 
    0.754875     0.791667 
    0.766017     0.757576 
    0.783658     0.719697 
    0.779944     0.814394 
    0.786444     0.799242 
    0.797586     0.799242 
     0.81337     0.761364 
    0.800371     0.818182 
    0.809656     0.757576 
    0.797586     0.795455 
    0.809656     0.806818 
    0.807799     0.806818 
    0.805014     0.818182 
    0.824513     0.840909 
    0.822656     0.837121 
    0.824513     0.787879 
    0.842154     0.810606 
    0.831941     0.795455 
    0.816156     0.795455 
     0.82637     0.765152 
    0.821727     0.829545 
    0.833798     0.833333 
    0.827298      0.80303 
    0.830084     0.810606 
     0.83844     0.776515 
    0.840297     0.814394 
    0.841226     0.746212 
    0.839369     0.795455 
    0.841226     0.837121 
    0.841226     0.818182 
    0.846797     0.776515 
    0.832869     0.829545 
    0.840297     0.791667 
    0.842154      0.82197 
    0.842154     0.814394 
    0.844011      0.80303 
    0.841226     0.833333 
    0.829155     0.833333 
    0.841226     0.825758 
    0.845868     0.814394 
    0.832869     0.844697 
    0.858867     0.833333 
    0.857939     0.814394 
     0.84494     0.810606 
    0.848654      0.80303 
    0.866295     0.795455 
    0.851439     0.833333 
    0.849582     0.844697 
    0.847725     0.818182 
    0.849582      0.80303 
    0.847725     0.810606 
    0.859796     0.840909 
     0.86351      0.80303 
    0.855153      0.82197 
    0.854225      0.80303 
    0.846797     0.829545 
    0.861653     0.825758 
    0.854225     0.818182 
    0.854225     0.840909 
    0.859796     0.768939 
    0.850511     0.833333 
    0.849582     0.848485 
    0.849582     0.840909 
    0.839369     0.818182 
    0.853296     0.795455 
    0.865367     0.810606 
    0.864438     0.799242 
    0.849582      0.80303 
    0.872795     0.806818 
    0.859796     0.757576 
    0.858867     0.791667 
    0.913649     0.859848 
     0.92572     0.818182 
    0.921077     0.863636 
    0.936862     0.856061 
    0.930362     0.825758 
    0.928505     0.890152 
    0.935005     0.882576 
    0.928505     0.882576 
    0.926648     0.844697 
    0.931291     0.852273 
    0.939647     0.848485 
    0.934076     0.840909 
    0.935005     0.829545 
    0.933148        0.875 
    0.935005        0.875 
    0.952646     0.882576 
    0.938719     0.859848 
     0.94429     0.867424 
    0.939647     0.848485 
    0.936862     0.886364 
    0.942433     0.867424 
    0.946147     0.844697 
    0.950789     0.852273 
    0.948932     0.848485 
    0.946147     0.878788 
    0.949861     0.833333 
    0.945218     0.852273 
    0.952646     0.882576 
    0.945218     0.859848 
    0.927577     0.859848 
    0.938719     0.859848 
    0.942433     0.840909 
    0.950789     0.848485 
    0.948004     0.893939 
    0.951718     0.871212 
    0.941504     0.837121 
    0.954503     0.852273 
    0.957289     0.882576 
    0.951718     0.844697 
    0.948004     0.905303 
    0.948932     0.863636 
    0.949861     0.867424 
    0.949861     0.890152 
     0.95636     0.897727 
    0.941504     0.840909 
    0.949861     0.840909 
    0.959146     0.848485 
    0.959146     0.859848 
    0.948004     0.859848 
    0.960074        0.875 
    0.953575     0.871212 
    0.949861     0.878788 
    0.953575     0.890152 
    0.948004     0.852273 
    0.948004     0.905303 
    0.959146     0.897727 
    0.947075     0.882576 
    0.953575        0.875 
    0.946147     0.867424 
    0.955432     0.901515 
    0.953575     0.867424 
    0.955432     0.871212 
    0.963788     0.886364 
    0.950789     0.912879 
    0.952646     0.863636 
    0.961931     0.882576 
    0.955432     0.863636 
    0.948932     0.856061 
    0.954503     0.897727 
    0.968431     0.897727 
    0.961003     0.825758 
    0.958217        0.875 
    0.957289     0.867424 
    0.961931        0.875 
    0.960074        0.875 
     0.94429     0.863636 
    0.950789     0.871212 
     0.94429     0.825758 
    0.961003     0.886364 
    0.961003     0.844697 
    0.959146     0.901515 
    0.968431     0.871212 
    0.960074     0.871212 
    0.953575     0.844697 
    0.965645     0.863636 
    0.953575     0.848485 
     0.96286     0.901515 
    0.961003        0.875 
    0.967502     0.912879 
    0.964717     0.878788 
    0.952646     0.863636 
    0.969359     0.882576 
    0.955432     0.886364 
     0.96286     0.859848 
     0.96286     0.856061 
    0.961931     0.844697 
    0.959146     0.893939 
    0.960074     0.848485 
    0.968431     0.893939 
    0.967502     0.852273 
    0.960074     0.871212 
     0.96286     0.901515 
    0.961931     0.886364 
    0.971216     0.920455 
    0.971216     0.893939 
    0.965645     0.886364 
    0.967502     0.852273 
    0.963788     0.871212 
    0.959146     0.859848 
    0.952646     0.867424 
    0.958217     0.878788 
     0.96286     0.886364 
    0.963788     0.897727 
    0.965645     0.897727 
    0.957289     0.909091 
    0.971216     0.890152 
    0.969359     0.863636 
    0.957289     0.863636 
    0.963788     0.916667 
    0.968431     0.893939 
     0.96286     0.871212 
    0.968431     0.909091 
    0.968431     0.905303 
    0.959146     0.886364 
    0.961931     0.886364 
    0.965645     0.863636 
    0.957289     0.905303 
    0.963788     0.878788 
     0.95636     0.886364 
    0.966574     0.871212 
    0.967502     0.878788 
    0.971216     0.886364 
    0.970288     0.901515 
    0.975859     0.905303 
    0.972145     0.909091 
    0.958217     0.878788 
    0.966574     0.886364 
    0.963788     0.886364 
    0.964717     0.901515 
    0.966574     0.893939 
    0.959146     0.882576 
    0.971216        0.875 
    0.966574     0.863636 
    0.955432     0.905303 
    0.967502     0.871212 
    0.968431     0.912879 
    0.967502     0.886364 
    0.959146     0.909091 
    0.966574     0.856061 
    0.966574     0.912879 
    0.972145     0.878788 
    0.971216     0.852273 
    0.970288        0.875 
    0.966574     0.897727 
     0.96286     0.878788 
    0.971216     0.878788 
     0.96286     0.886364 
     0.95636     0.897727 
    0.967502        0.875 
    0.974002     0.897727 
    0.966574     0.871212 
    0.967502     0.893939 
    0.968431     0.912879 
     0.96286     0.871212 
    0.967502     0.863636 
     0.97493     0.867424 
    0.973073     0.893939 
    0.971216     0.893939 
    0.970288     0.852273 
     0.96286        0.875 
    0.968431     0.897727 
    0.966574     0.882576 
     0.97493     0.882576 
    0.968431     0.912879 
    0.967502     0.897727 
    0.967502     0.867424 
    0.974002     0.905303 
    0.961931     0.905303 
    0.967502     0.897727 
    0.970288     0.867424 
    0.971216     0.893939 
    0.974002     0.897727 
    0.968431        0.875 
    0.963788     0.890152 
    0.973073     0.886364 
    0.978644     0.893939 
    0.964717     0.878788 
    0.971216     0.878788 
    0.968431     0.905303 
    0.973073     0.901515 
     0.97493     0.882576 
    0.968431     0.871212 
    0.968431     0.893939 
    0.976787     0.863636 
    0.979573     0.890152 
    0.977716     0.912879 
    0.973073     0.905303 
    0.969359     0.909091 
    0.961931     0.912879 
    0.976787     0.890152 
    0.970288     0.856061 
    0.971216     0.897727 
    0.978644     0.882576 
    0.973073     0.867424 
    0.968431     0.863636 
     0.97493     0.905303 
    0.968431     0.901515 
    0.966574     0.863636 
    0.961931     0.871212 
    0.966574     0.920455 
     0.96286        0.875 
    0.966574     0.905303 
    0.969359     0.863636 
    0.966574     0.901515 
    0.972145     0.893939 
    0.973073     0.901515 
    0.974002     0.882576 
    0.974002     0.897727 
    0.975859     0.893939 
    0.969359     0.901515 
    0.966574     0.905303 
    0.975859     0.920455 
    0.974002     0.912879 
    0.968431     0.920455 
    0.974002     0.912879 
    0.982358     0.912879 
    0.976787     0.893939 
    0.974002     0.916667 
    0.973073     0.893939 
    0.972145     0.931818 
    0.974002     0.916667 
    0.968431      0.92803 
    0.966574     0.905303 
    0.967502     0.893939 
    0.973073     0.905303 
    0.977716     0.897727 
    0.978644     0.905303 
    0.974002     0.897727 
    0.977716     0.886364 
    0.973073      0.92803 
    0.971216     0.920455 
    0.963788     0.897727 
    0.964717     0.882576 
    0.974002     0.916667 
    0.976787     0.916667 
    0.984215     0.890152 
    0.968431     0.856061 
     0.97493     0.897727 
     0.97493     0.897727 
    0.972145     0.909091 
    0.971216     0.912879 
    0.980501     0.909091 
    0.967502     0.916667 
    0.979573     0.912879 
    0.970288     0.924242 
    0.971216     0.916667 
     0.97493     0.893939 
    0.973073     0.897727 
    0.972145     0.920455 
    0.969359     0.920455 
    0.980501     0.909091 
    0.967502     0.893939 
    0.975859     0.890152 
    0.972145        0.875 
     0.98143     0.882576 
    0.964717     0.920455 
    0.968431     0.924242 
    0.977716     0.897727 
    0.976787     0.912879 
    0.976787     0.920455 
    0.972145     0.905303 
    0.979573     0.909091 
    0.979573     0.897727 
     0.97493     0.916667 
    0.974002     0.897727 
    0.979573     0.901515 
    0.983287     0.901515 
    0.975859     0.924242 
    0.979573     0.916667 
    0.973073     0.909091 
    0.978644     0.890152 
    0.974002     0.867424 
    0.969359     0.905303 
     0.97493     0.901515 
    0.977716     0.909091 
    0.973073     0.909091 
    0.977716        0.875 
    0.968431     0.924242 
    0.978644     0.905303 
    0.974002     0.886364 
    0.972145     0.920455 
     0.97493     0.871212 
    0.969359     0.909091 
    0.979573     0.939394 
    0.986072     0.909091 
    0.980501     0.897727 
    0.973073     0.905303 
    0.972145     0.909091 
    0.976787     0.905303 
    0.974002     0.901515 
    0.970288      0.92803 
    0.978644     0.916667 
     0.98143     0.890152 
    0.969359        0.875 
     0.97493     0.890152 
    0.975859     0.912879 
    0.979573     0.878788 
    0.978644     0.916667 
    0.975859     0.901515 
    0.963788     0.886364 
     0.97493     0.897727 
    0.979573     0.901515 
    0.977716     0.905303 
     0.98143     0.867424 
    0.978644     0.871212 
    0.987001     0.905303 
    0.974002     0.893939 
    0.987001     0.893939 
     0.97493     0.882576 
    0.973073     0.909091 
    0.973073     0.901515 
    0.970288     0.893939 
    0.973073     0.909091 
    0.971216      0.92803 
    0.973073     0.912879 
    0.982358     0.920455 
    0.974002     0.905303 
    0.968431     0.901515 
    0.974002     0.912879 
    0.970288     0.901515 
    0.966574     0.912879 
    0.976787     0.912879 
     0.98143     0.935606 
    0.977716     0.893939 
    0.977716     0.909091 
    0.974002     0.912879 
    0.975859     0.890152 
     0.98143     0.901515 
     0.98143      0.92803 
    0.977716     0.909091 
    0.975859     0.897727 
    0.982358     0.905303 
    0.975859      0.92803 
    0.968431     0.916667 
    0.970288     0.905303 
    0.979573     0.912879 
    0.974002     0.901515 
    0.978644     0.901515 
    0.974002     0.886364 
    0.986072     0.886364 
    0.974002     0.890152 
     0.98143      0.92803 
    0.975859     0.901515 
    0.983287     0.924242 
    0.975859     0.920455 
    0.975859     0.916667 
    0.972145     0.897727 
    0.976787     0.890152 
    0.976787     0.882576 
     0.97493     0.859848 
    0.983287     0.901515 
    0.977716     0.920455 
    0.979573      0.92803 
    0.983287     0.893939 
    0.983287     0.909091 
    0.978644     0.912879 
    0.977716     0.920455 
    0.978644     0.912879 
    0.985144     0.920455 
    0.977716     0.893939 
    0.977716      0.92803 
    0.986072     0.897727 
    0.978644      0.92803 
     0.98143     0.912879 
    0.978644     0.924242 
    0.984215     0.905303 
    0.984215     0.890152 
    0.974002     0.882576 
    0.980501     0.916667 
    0.977716     0.924242 
     0.98143     0.924242 
    0.974002     0.909091 
    0.977716     0.912879 
    0.979573     0.901515 
    0.977716     0.924242 
    0.979573     0.916667 
    0.977716     0.924242 
    0.976787     0.912879 
    0.976787     0.920455 
    0.982358     0.909091 
    0.982358     0.916667 
     0.98143      0.92803 
    0.973073     0.882576 
    0.980501     0.912879 
    0.978644     0.909091 
    0.983287     0.916667 
    0.979573     0.905303 
    0.980501     0.920455 
    0.979573     0.909091 
     0.97493     0.935606 
    0.985144     0.916667 
    0.977716     0.931818 
    0.980501      0.92803 
    0.974002     0.905303 
    0.986072      0.92803 
     0.98143      0.92803 
    0.977716     0.905303 
    0.985144     0.909091 
    0.977716     0.905303 
    0.980501     0.920455 
    0.976787     0.924242 
    0.976787     0.924242 
    0.975859     0.912879 
    0.984215     0.890152 
    0.984215     0.920455 
    0.980501      0.92803 
    0.978644     0.909091 
    0.987001     0.920455 
    0.977716     0.924242 
    0.977716     0.931818 
    0.974002     0.905303 
    0.979573     0.912879 
    0.976787     0.912879 
    0.980501     0.893939 
    0.989786     0.920455 
    0.983287     0.916667 
    0.986072     0.924242 
    0.977716     0.924242 
    0.978644      0.92803 
    0.986072     0.931818 
    0.982358     0.882576 
    0.978644     0.901515 
    0.977716     0.901515 
    0.978644      0.92803 
    0.971216     0.909091 
    0.980501     0.909091 
    0.976787     0.901515 
    0.982358     0.924242 
    0.980501      0.92803 
    0.982358     0.931818 
    0.983287     0.935606 
    0.977716     0.931818 
    0.978644     0.920455 
    0.978644      0.92803 
    0.988858     0.920455 
    0.977716     0.924242 
    0.979573     0.901515 
     0.97493      0.92803 
    0.984215     0.920455 
    0.979573     0.920455 
    0.980501     0.939394 
    0.987001     0.912879 
    0.980501     0.916667 
    0.982358     0.909091 
    0.975859     0.905303 
    0.982358     0.939394 
    0.984215      0.92803 
    0.982358     0.935606 
    0.979573     0.916667 
    0.987001     0.916667 
    0.987001     0.943182 
    0.980501     0.920455 
    0.966574     0.931818 
    0.978644     0.943182 
     0.97493     0.901515 
    0.971216     0.920455 
    0.980501      0.92803 
    0.979573      0.92803 
    0.984215     0.943182 
    0.982358     0.943182 
    0.979573     0.939394 
    0.979573     0.912879 
    0.982358     0.954545 
    0.980501     0.909091 
    0.979573     0.916667 
    0.977716     0.939394 
    0.975859     0.931818 
    0.979573      0.92803 
    0.985144     0.935606 
     0.98143     0.901515 
    0.984215     0.905303 
    0.980501     0.909091 
    0.988858     0.916667 
    0.979573     0.905303 
    0.977716     0.924242 
    0.978644     0.939394 
    0.975859     0.924242 
    0.978644      0.92803 
    0.986072     0.924242 
    0.980501     0.905303 
    0.984215     0.920455 
    0.980501     0.939394 
    0.984215     0.893939 
     0.98143     0.939394 
    0.982358     0.939394 
    0.986072     0.931818 
    0.982358     0.905303 
     0.97493     0.924242 
    0.984215      0.92803 
    0.979573     0.935606 
    0.975859     0.924242 
    0.975859     0.916667 
    0.978644     0.912879 
    0.973073     0.939394 
    0.980501     0.897727 
    0.982358     0.935606 
    0.980501     0.935606 
    0.980501     0.931818 
    0.983287     0.931818 
    0.980501     0.916667 
    0.979573      0.92803 
    0.971216     0.924242 
    0.980501     0.924242 
    0.979573     0.897727 
    0.983287     0.931818 
    0.985144     0.916667 
    0.972145     0.901515 
    0.985144     0.931818 
    0.982358      0.92803 
    0.980501     0.905303 
    0.976787      0.92803 
     0.97493     0.920455 
    0.983287     0.924242 
    0.986072     0.912879 
    0.982358     0.912879 
    0.984215     0.890152 
    0.972145      0.92803 
    0.982358     0.924242 
    0.979573     0.935606 
    0.984215     0.924242 
    0.983287     0.920455 
    0.985144     0.916667 
    0.980501     0.909091 
    0.978644     0.916667 
    0.980501      0.92803 
    0.980501     0.905303 
    0.980501     0.924242 
    0.973073     0.901515 
    0.979573     0.939394 
    0.983287      0.92803 
    0.973073      0.92803 
    0.984215      0.92803 
    0.973073     0.909091 
    0.988858     0.890152 
    0.989786     0.924242 
    0.978644     0.924242 
    0.985144     0.920455 
    0.983287     0.939394 
    0.986072     0.912879 
     0.98143     0.939394 
     0.98143     0.924242 
    0.984215     0.893939 
    0.978644     0.939394 
    0.982358      0.92803 
     0.97493     0.939394 
     0.97493     0.905303 
     0.98143     0.912879 
    0.983287     0.909091 
    0.974002     0.920455 
    0.975859     0.909091 
    0.977716     0.916667 
     0.98143     0.939394 
    0.984215     0.924242 
    0.976787      0.92803 
    0.982358     0.920455 
    0.987929     0.924242 
    0.983287     0.920455 
    0.977716     0.931818 
    0.976787     0.916667 
    0.983287     0.939394 
    0.982358     0.924242 
    0.978644     0.909091 
    0.985144     0.935606 
     0.98143     0.920455 
    0.982358      0.92803 
    0.976787     0.931818 
    0.984215     0.924242 
    0.984215     0.916667 
    0.986072     0.935606 
    0.977716     0.897727 
    0.977716      0.92803 
    0.982358     0.935606 
    0.975859     0.916667 
     0.98143     0.935606 
    0.979573     0.935606 
    0.976787      0.92803 
    0.971216      0.92803 
    0.971216     0.912879 
     0.98143     0.924242 
    0.983287     0.878788 
    0.985144     0.939394 
    0.987001     0.924242 
    0.977716      0.92803 
    0.977716      0.92803 
    0.978644     0.931818 
    0.978644     0.931818 
    0.985144     0.905303 
    0.977716     0.935606 
    0.985144     0.905303 
    0.980501     0.935606 
    0.978644     0.912879 
    0.983287     0.924242 
    0.974002     0.901515 
    0.977716      0.92803 
    0.984215     0.901515 
    0.984215      0.92803 
    0.979573      0.92803 
    0.987929     0.924242 
    0.977716     0.905303 
    0.982358     0.920455 
    0.979573     0.943182 
    0.975859     0.920455 
    0.983287     0.931818 
    0.986072     0.909091 
    0.982358     0.935606 
    0.985144      0.94697 
    0.986072     0.939394 
    0.977716     0.931818 
    0.987929     0.912879 
    0.980501      0.94697 
    0.973073      0.92803 
    0.983287      0.92803 
    0.975859     0.924242 
    0.977716     0.916667 
    0.980501     0.935606 
    0.978644      0.94697 
     0.98143      0.92803 
    0.975859     0.924242 
    0.978644     0.939394 
    0.979573     0.916667 
    0.976787      0.92803 
    0.978644     0.924242 
    0.986072     0.924242 
    0.978644     0.916667 
     0.98143     0.920455 
    0.988858     0.943182 
    0.980501     0.909091 
    0.979573     0.943182 
    0.983287     0.931818 
    0.986072     0.920455 
    0.985144     0.909091 
     0.98143     0.897727 
    0.982358     0.901515 
    0.978644     0.920455 
    0.979573      0.94697 
    0.982358      0.92803 
    0.985144     0.912879 
    0.984215     0.886364 
    0.979573     0.920455 
    0.984215     0.931818 
    0.980501      0.92803 
    0.977716     0.920455 
    0.982358     0.909091 
    0.976787     0.916667 
    0.980501     0.912879 
    0.978644     0.943182 
    0.980501     0.939394 
    0.988858      0.92803 
    0.980501     0.905303 
    0.980501     0.890152 
    0.979573      0.92803 
    0.982358     0.924242 
    0.982358     0.920455 
    0.980501     0.878788 
    0.983287     0.920455 
    0.975859     0.871212 
    0.985144     0.920455 
    0.983287     0.909091 
    0.982358     0.924242 
    0.986072     0.916667 
     0.98143     0.935606 
    0.982358     0.939394 
     0.98143     0.939394 
    0.983287     0.916667 
    0.978644     0.901515 
     0.98143     0.912879 
    0.982358      0.92803 
    0.980501     0.886364 
     0.98143     0.924242 
    0.976787     0.852273 
     0.98143     0.935606 
    0.982358      0.92803 
    0.967502     0.909091 
    0.986072     0.931818 
    0.984215     0.924242 
    0.983287      0.92803 
    0.983287     0.931818 
    0.986072      0.92803 
     0.98143     0.912879 
    0.985144     0.920455 
    0.988858     0.912879 
    0.979573     0.897727 
     0.98143     0.909091 
    0.986072     0.920455 
    0.986072     0.924242 
    0.986072     0.912879 
    0.982358      0.92803 
    0.984215     0.924242 
    0.980501     0.924242 
     0.97493     0.931818 
    0.984215      0.94697 
    0.984215     0.924242 
     0.98143     0.897727 
    0.979573     0.905303 
    0.982358     0.935606 
    0.980501     0.920455 
    0.979573     0.901515 
     0.98143     0.935606 
    0.985144     0.939394 
    0.976787     0.916667 
    0.978644     0.909091 
    0.982358     0.931818 
    0.982358     0.924242 
    0.980501      0.94697 
    0.980501     0.916667 
    0.980501     0.931818 
    0.983287     0.920455 
    0.980501     0.924242 
    0.979573     0.909091 
    0.983287     0.943182 
    0.985144     0.931818 
    0.978644     0.924242 
    0.987001     0.901515 
    0.980501     0.905303 
    0.987001     0.916667 
    0.979573     0.920455 
    0.985144     0.924242 
    0.977716     0.939394 
    0.986072     0.924242 
    0.985144     0.920455 
    0.972145     0.905303 
    0.969359     0.931818 
    0.976787      0.92803 
    0.982358     0.897727 
    0.978644     0.901515 
    0.985144     0.905303 
    0.984215     0.905303 
     0.98143     0.920455 
     0.98143     0.909091 
    0.984215     0.931818 
    0.978644     0.901515 
    0.987001     0.939394 
    0.984215     0.912879 
    0.986072     0.890152 
    0.983287     0.897727 
     0.98143     0.905303 
    0.973073     0.931818 
    0.972145     0.920455 
    0.979573      0.92803 
    0.980501     0.924242 
     0.98143     0.901515 
    0.979573     0.901515 
    0.985144     0.909091 
    0.985144     0.901515 
    0.985144     0.931818 
     0.97493     0.931818 
    0.987001     0.931818 
    0.978644     0.901515 
     0.98143     0.920455 
    0.984215      0.92803 
    0.979573      0.92803 
    0.978644     0.935606 
    0.986072     0.920455 
    0.984215     0.905303 
    0.982358     0.912879 
    0.986072     0.935606 
    0.978644     0.931818 
     0.98143     0.912879 
    0.983287     0.935606 
    0.976787     0.890152 
    0.984215     0.920455 
    0.980501     0.920455 
    0.977716     0.916667 
    0.979573     0.924242 
    0.984215     0.920455 
    0.991643     0.882576 
    0.983287     0.920455 
    0.978644     0.924242 
    0.979573     0.912879 
    0.980501     0.931818 
    0.987001     0.916667 
    0.987929     0.905303 
    0.977716     0.890152 
    0.987929     0.909091 
    0.984215     0.931818 
    0.980501     0.897727 
     0.98143     0.924242 
    0.976787     0.912879 
    0.982358     0.886364 
    0.975859     0.920455 
    0.983287     0.893939 
    0.980501     0.935606 
    0.984215     0.924242 
    0.980501     0.905303 
    0.980501     0.912879 
    0.984215     0.924242 
    0.983287     0.916667 
    0.982358     0.905303 
    0.986072     0.890152 
    0.976787     0.931818 
    0.979573     0.935606 
    0.984215     0.935606 
    0.983287     0.924242 
    0.991643     0.912879 
    0.982358     0.909091 
    0.983287     0.924242 
    0.986072     0.905303 
    0.982358     0.901515 
    0.982358     0.939394 
     0.98143     0.939394 
     0.98143      0.92803 
    0.978644     0.924242 
    0.984215     0.909091 
     0.98143     0.882576 
    0.986072      0.92803 
    0.979573     0.920455 
    0.984215     0.920455 
    0.983287     0.916667 
    0.982358     0.901515 
    0.988858      0.92803 
    0.975859     0.912879 
    0.985144     0.905303 
    0.979573     0.912879 
    0.982358     0.916667 
    0.979573     0.912879 
     0.98143     0.912879 
     0.98143     0.909091 
    0.978644     0.920455 
    0.974002     0.924242 
    0.978644     0.893939 
    0.982358     0.882576 
     0.98143     0.931818 
    0.987001     0.912879 
    0.987001     0.916667 
    0.975859     0.882576 
    0.987929     0.897727 
    0.982358     0.920455 
     0.97493     0.905303 
    0.979573     0.920455 
     0.98143     0.905303 
    0.984215     0.909091 
    0.977716     0.909091 
    0.985144     0.912879 
    0.982358     0.912879 
    0.987001     0.912879 
    0.986072     0.916667 
    0.984215     0.901515 
     0.97493     0.905303 
    0.980501     0.893939 
    0.980501     0.909091 
    0.979573     0.912879 
    0.980501     0.931818 
    0.985144     0.916667 
    0.984215     0.931818 
    0.983287     0.912879 
    0.977716     0.924242 
    0.980501     0.935606 
    0.975859      0.92803 
    0.985144     0.924242 
    0.980501      0.92803 
    0.976787      0.94697 
    0.988858     0.912879 
    0.984215      0.92803 
    0.979573      0.92803 
    0.983287     0.939394 
     0.98143     0.931818 
    0.979573      0.92803 
    0.980501     0.924242 
     0.98143     0.893939 
    0.987929     0.920455 
    0.986072     0.920455 
    0.984215     0.935606 
    0.977716     0.920455 
    0.982358     0.924242 
    0.977716     0.905303 
    0.971216     0.916667 
    0.980501     0.931818 
    0.975859     0.931818 
    0.990715     0.909091 
    0.984215     0.916667 
    0.982358     0.931818 
    0.984215     0.920455 
     0.97493     0.931818 
    0.980501     0.931818 
    0.978644     0.920455 
     0.97493     0.912879 
    0.980501     0.924242 
    0.979573     0.916667 
     0.97493     0.920455 
    0.983287      0.92803 
    0.982358     0.924242 
    0.982358     0.924242 
    0.985144      0.92803 
    0.979573     0.924242 
    0.984215     0.935606 
    0.980501      0.92803 
    0.979573      0.92803 
    0.980501      0.92803 
     0.98143     0.931818 
    0.984215     0.912879 
    0.987001     0.924242 
    0.980501     0.916667 
    0.978644     0.916667 
    0.984215     0.905303 
     0.98143     0.920455 
    0.976787     0.931818 
    0.990715     0.924242 
    0.990715      0.92803 
    0.975859     0.931818 
    0.977716     0.931818 
    0.973073     0.905303 
    0.978644     0.920455 
    0.985144     0.916667 
     0.98143     0.890152 
    0.977716     0.920455 
     0.98143     0.931818 
    0.976787      0.92803 
    0.987001     0.909091 
    0.975859     0.920455 
    0.983287     0.916667 
    0.978644     0.924242 
    0.977716     0.924242 
     0.97493     0.924242 
    0.979573     0.909091 
    0.976787     0.901515 
    0.982358     0.939394 
    0.976787     0.916667 
    0.985144     0.920455 
    0.987001     0.916667 
    0.985144     0.916667 
    0.978644     0.905303 
    0.978644     0.909091 
    0.978644     0.943182 
    0.986072     0.905303 
    0.980501     0.893939 
    0.982358     0.905303 
    0.983287     0.920455 
    0.979573     0.901515 
    0.978644     0.912879 
     0.98143     0.912879 
     0.98143     0.912879 
    0.984215     0.924242 
    0.983287     0.920455 
    0.988858     0.916667 
    0.977716     0.890152 
    0.982358     0.920455 
    0.983287     0.912879 
    0.973073     0.916667 
    0.977716     0.897727 
    0.980501     0.916667 
    0.987001     0.920455 
    0.983287      0.92803 
     0.97493     0.924242 
    0.979573     0.912879 
    0.980501     0.924242 
    0.980501     0.920455 
    0.977716     0.931818 
    0.984215     0.931818 
    0.977716     0.931818 
    0.984215     0.920455 
    0.988858     0.916667 
    0.983287     0.924242 
    0.976787     0.909091 
    0.986072      0.92803 
    0.985144     0.909091 
    0.979573      0.92803 
    0.980501     0.939394 
    0.978644     0.931818 
    0.985144     0.931818 
    0.987929     0.924242 
    0.978644     0.901515 
    0.983287      0.92803 
    0.984215     0.916667 
    0.983287     0.916667 
    0.973073     0.924242 
    0.982358     0.916667 
    0.972145     0.912879 
     0.97493     0.935606 
    0.987929     0.924242 
    0.985144     0.916667 
    0.979573      0.92803 
    0.979573     0.905303 
    0.977716      0.92803 
    0.980501     0.909091 
    0.982358     0.924242 
    0.980501      0.92803 
    0.986072     0.924242 
    0.987001     0.886364 
    0.984215     0.905303 
    0.977716     0.909091 
    0.980501     0.912879 
    0.976787     0.924242 
    0.987001     0.931818 
    0.978644     0.886364 
    0.978644     0.897727 
    0.984215     0.905303 
    0.984215     0.920455 
    0.983287     0.931818 
    0.983287     0.912879 
    0.976787     0.905303 
    0.979573     0.935606 
    0.983287     0.935606 
    0.978644      0.92803 
    0.975859     0.909091 
    0.980501     0.909091 
    0.980501      0.92803 
    0.984215     0.920455 
    0.983287     0.916667 
    0.980501     0.916667 
     0.98143     0.924242 
    0.982358     0.916667 
    0.980501     0.901515 
     0.97493     0.912879 
    0.983287     0.912879 
    0.973073     0.924242 
    0.973073     0.916667 
    0.977716      0.92803 
     0.97493     0.912879 
    0.979573     0.897727 
    0.982358     0.890152 
    0.970288     0.882576 
    0.978644     0.920455 
    0.971216      0.92803 
    0.974002      0.94697 
    0.978644     0.931818 
    0.974002     0.924242 
    0.986072     0.924242 
    0.983287     0.920455 
    0.979573     0.924242 
    0.976787     0.931818 
    0.987001     0.939394 
    0.985144     0.931818 
    0.977716     0.916667 
    0.979573     0.920455 
    0.983287     0.920455 
    0.975859      0.92803 
    0.980501     0.916667 
    0.982358     0.912879 
     0.98143     0.901515 
    0.985144     0.939394 
    0.987001     0.935606 
    0.976787     0.920455 
    0.977716     0.916667 
    0.985144     0.909091 
    0.985144     0.912879 
     0.98143     0.924242 
    0.978644     0.916667 
    0.979573     0.905303 
    0.984215     0.912879 
    0.983287     0.909091 
    0.978644      0.92803 
     0.98143     0.916667 
    0.977716     0.924242 
     0.98143     0.909091 
    0.984215     0.909091 
    0.979573     0.924242 
    0.972145     0.916667 
    0.973073     0.912879 
     0.97493      0.92803 
    0.975859     0.916667 
     0.98143      0.92803 
    0.983287      0.92803 
     0.98143     0.916667 
    0.983287     0.920455 
    0.980501     0.916667 
    0.978644     0.924242 
     0.97493     0.909091 
    0.978644     0.912879 
     0.97493     0.897727 
     0.97493     0.912879 
     0.97493     0.912879 
    0.971216     0.920455 
    0.976787     0.920455 
    0.972145     0.931818 
    0.985144     0.893939 
    0.980501     0.897727 
    0.983287     0.909091 
    0.985144     0.912879 
    0.982358     0.924242 
    0.982358     0.920455 
    0.980501     0.901515 
    0.976787     0.912879 
     0.97493     0.916667 
    0.973073     0.912879 
    0.986072     0.916667 
    0.982358     0.920455 
    0.978644     0.912879 
    0.976787      0.92803 
    0.976787     0.916667 
    0.979573     0.920455 
    0.977716     0.931818 
    0.978644     0.920455 
    0.979573     0.916667 
    0.980501     0.916667 
    0.975859     0.920455 
    0.979573     0.905303 
    0.982358     0.916667 
    0.986072     0.893939 
    0.982358     0.931818 
    0.975859     0.920455 
    0.974002     0.920455 
     0.98143     0.912879 
    0.974002     0.897727 
    0.978644     0.901515 
    0.980501     0.890152 
    0.972145     0.905303 
    0.978644     0.924242 
    0.975859     0.935606 
    0.986072     0.912879 
     0.98143     0.863636 
    0.977716     0.931818 
    0.976787     0.905303 
    0.983287     0.912879 
    0.977716     0.916667 
    0.982358     0.920455 
     0.97493     0.920455 
    0.985144     0.909091 
    0.970288     0.905303 
     0.98143     0.916667 
    0.973073     0.912879 
    0.974002     0.878788 
     0.97493     0.912879 
    0.982358     0.909091 
    0.978644     0.905303 
    0.975859     0.905303 
     0.98143     0.909091 
     0.98143     0.897727 
    0.980501     0.905303 
    0.968431     0.916667 
    0.978644     0.886364 
    0.975859     0.912879 
    0.964717     0.890152 
    0.975859     0.939394 
    0.980501     0.916667 
    0.979573     0.897727 
    0.985144     0.924242 
    0.976787     0.893939 
     0.97493     0.893939 
    0.972145     0.916667 
    0.982358     0.935606 
    0.978644     0.901515 
    0.973073     0.916667 
    0.979573     0.924242 
    0.984215     0.909091 
     0.98143     0.897727 
    0.976787     0.901515 
    0.983287     0.924242 
    0.969359     0.924242 
     0.97493     0.912879 
    0.977716     0.916667 
    0.983287     0.924242 
    0.982358     0.916667 
    0.982358     0.912879 
    0.973073     0.901515 
    0.976787     0.905303 
    0.976787     0.893939 
    0.970288     0.916667 
    0.985144     0.878788 
    0.971216     0.920455 
    0.982358     0.909091 
    0.977716     0.901515 
    0.976787     0.886364 
     0.98143     0.909091 
    0.977716     0.878788 
     0.97493     0.909091 
     0.98143     0.897727 
    0.967502     0.935606 
    0.978644     0.931818 
    0.975859     0.912879 
    0.972145     0.890152 
    0.968431     0.924242 
    0.976787     0.916667 
    0.972145     0.912879 
    0.968431     0.924242 
    0.979573     0.912879 
    0.965645     0.912879 
     0.97493     0.916667 
    0.976787     0.897727 
    0.969359     0.924242 
    0.977716     0.901515 
    0.975859     0.909091 
    0.969359     0.878788 
    0.977716     0.905303 
    0.977716     0.901515 
    0.974002     0.920455 
    0.967502     0.893939 
    0.979573     0.867424 
    0.974002     0.905303 
     0.97493     0.886364 
    0.972145     0.893939 
    0.980501     0.924242 
    0.977716     0.916667 
    0.984215     0.931818 
     0.98143     0.920455 
    0.974002     0.924242 
     0.98143     0.882576 
     0.97493     0.859848 
    0.969359     0.852273 
    0.971216     0.893939 
    0.969359     0.893939 
    0.970288     0.920455 
    0.964717     0.920455 
    0.982358     0.905303 
    0.977716     0.909091 
    0.964717        0.875 
    0.977716     0.882576 
    0.969359     0.878788 
    0.973073     0.901515 
    0.977716     0.893939 
    0.974002     0.893939 
     0.98143     0.905303 
    0.980501     0.924242 
    0.974002     0.912879 
    0.972145     0.924242 
     0.97493     0.886364 
    0.973073     0.893939 
    0.977716     0.920455 
    0.978644     0.867424 
    0.973073     0.882576 
    0.977716     0.897727 
    0.971216     0.890152 
    0.970288     0.893939 
    0.973073     0.882576 
    0.967502     0.890152 
    0.975859     0.852273 
    0.980501     0.905303 
    0.975859     0.878788 
    0.970288     0.912879 
     0.97493     0.901515 
    0.978644     0.890152 
    0.976787     0.901515 
    0.969359     0.893939 
    0.972145     0.909091 
    0.976787     0.890152 
    0.972145     0.886364 
     0.97493     0.882576 
    0.975859     0.901515 
     0.97493     0.901515 
     0.97493     0.890152 
     0.97493     0.890152 
     0.97493     0.882576 
    0.971216     0.890152 
    0.968431     0.901515 
     0.97493     0.893939 
    0.975859     0.890152 
    0.963788     0.871212 
    0.968431     0.890152 
    0.973073     0.852273 
    0.968431     0.829545 
    0.978644     0.882576 
     0.98143     0.867424 
    0.976787     0.893939 
     0.98143     0.886364 
    0.971216        0.875 
    0.970288     0.905303 
    0.974002     0.844697 
    0.974002     0.909091 
     0.98143     0.920455 
    0.970288     0.878788 
    0.972145     0.886364 
    0.973073      0.92803 
     0.97493     0.920455 
    0.964717     0.905303 
    0.975859     0.897727 
     0.96286     0.909091 
    0.961931     0.901515 
    0.969359     0.909091 
    0.979573     0.897727 
    0.976787     0.912879 
     0.97493     0.909091 
    0.965645     0.871212 
    0.971216     0.871212 
    0.961003     0.920455 
    0.965645     0.931818 
    0.969359     0.871212 
    0.976787     0.893939 
    0.972145     0.897727 
    0.974002     0.897727 
    0.969359      0.92803 
     0.96286     0.878788 
    0.972145     0.893939 
    0.971216     0.905303 
    0.970288     0.912879 
    0.963788      0.92803 
    0.961931     0.882576 
    0.964717        0.875 
    0.971216     0.920455 
    0.976787     0.886364 
    0.984215     0.905303 
    0.973073     0.893939 
    0.971216     0.897727 
    0.966574     0.886364 
    0.972145     0.886364 
    0.965645     0.893939 
     0.96286     0.901515 
    0.959146     0.897727 
    0.970288     0.905303 
    0.968431     0.871212 
    0.976787     0.882576 
    0.969359        0.875 
     0.97493     0.890152 
    0.970288     0.909091 
    0.979573     0.912879 
    0.967502     0.916667 
    0.967502     0.852273 
     0.96286     0.920455 
    0.968431     0.912879 
    0.965645     0.916667 
    0.973073     0.897727 
    0.973073     0.901515 
    0.970288     0.878788 
    0.973073     0.886364 
    0.971216     0.901515 
    0.967502      0.92803 
    0.980501     0.909091 
    0.966574     0.901515 
    0.971216     0.867424 
    0.958217     0.859848 
    0.961931     0.909091 
    0.966574     0.897727 
    0.961931     0.909091 
    0.972145     0.897727 
    0.973073     0.905303 
    0.967502     0.905303 
    0.966574     0.905303 
    0.968431      0.92803 
    0.968431     0.920455 
    0.971216     0.901515 
    0.971216     0.897727 
    0.977716     0.916667 
    0.973073     0.905303 
    0.961003     0.924242 
    0.963788     0.920455 
    0.975859     0.916667 
    0.968431     0.912879 
    0.963788     0.924242 
    0.968431     0.905303 
    0.969359     0.893939 
    0.963788     0.920455 
    0.971216      0.92803 
    0.975859     0.935606 
    0.971216     0.905303 
    0.964717     0.901515 
    0.966574     0.924242 
    0.961003      0.92803 
    0.972145     0.924242 
    0.959146     0.905303 
    0.978644        0.875 
    0.963788     0.893939 
    0.973073     0.893939 
    0.973073     0.867424 
    0.971216     0.878788 
    0.960074     0.871212 
    0.975859     0.863636 
    0.973073     0.871212 
    0.966574     0.909091 
    0.964717     0.909091 
    0.960074     0.897727 
    0.963788     0.893939 
    0.959146        0.875 
    0.973073     0.901515 
    0.971216     0.844697 
    0.971216     0.912879 
    0.969359     0.871212 
    0.950789     0.909091 
     0.96286     0.859848 
    0.971216     0.886364 
    0.980501     0.852273 
    0.974002     0.893939 
    0.963788     0.867424 
    0.970288     0.905303 
    0.967502     0.882576 
     0.98143     0.863636 
    0.973073     0.901515 
    0.968431     0.893939 
    0.968431     0.886364 
    0.963788        0.875 
    0.971216     0.878788 
    0.966574     0.882576 
    0.967502     0.863636 
    0.968431     0.878788 
    0.963788     0.886364 
    0.958217     0.882576 
    0.961003        0.875 
    0.971216     0.882576 
    0.966574     0.886364 
    0.976787     0.878788 
    0.964717     0.882576 
    0.961003     0.852273 
    0.955432     0.829545 
    0.965645     0.886364 
     0.96286     0.859848 
    0.974002     0.882576 
    0.974002     0.886364 
    0.970288     0.886364 
    0.963788     0.886364 
    0.976787     0.893939 
    0.979573     0.909091 
    0.969359     0.886364 
     0.96286     0.897727 
    0.965645     0.863636 
    0.972145     0.905303 
    0.974002     0.871212 
     0.96286     0.901515 
    0.967502     0.897727 
    0.963788     0.909091 
    0.980501     0.905303 
    0.975859     0.909091 
    0.959146     0.871212 
    0.960074     0.882576 
    0.961003     0.893939 
    0.967502     0.878788 
    0.969359     0.871212 
     0.96286     0.859848 
    0.961931     0.882576 
     0.97493     0.863636 
    0.961003     0.886364 
    0.967502     0.840909 
    0.968431     0.886364 
    0.966574     0.878788 
    0.961003     0.882576 
    0.961003     0.886364 
    0.960074     0.867424 
    0.960074     0.901515 
    0.970288     0.882576 
    0.971216     0.924242 
     0.95636     0.901515 
    0.966574     0.893939 
    0.964717     0.909091 
    0.970288     0.897727 
    0.965645     0.912879 
    0.975859     0.863636 
    0.967502     0.871212 
    0.964717     0.859848 
    0.961003     0.893939 
    0.969359     0.897727 
    0.953575     0.893939 
    0.971216     0.920455 
    0.961931     0.893939 
    0.963788     0.893939 
    0.971216     0.893939 
    0.971216     0.905303 
    0.950789     0.909091 
    0.971216     0.856061 
    0.972145     0.882576 
    0.961003     0.882576 
    0.961931     0.863636 
    0.971216     0.890152 
    0.964717     0.856061 
    0.959146     0.867424 
    0.961931     0.901515 
    0.969359     0.901515 
    0.966574     0.897727 
    0.959146     0.893939 
    0.972145     0.897727 
    0.961931     0.905303 
    0.967502     0.882576 
    0.960074     0.924242 
     0.96286     0.886364 
    0.972145     0.893939 
    0.963788     0.848485 
     0.96286     0.867424 
    0.966574     0.856061 
    0.957289     0.878788 
    0.973073     0.890152 
    0.959146     0.897727 
    0.963788     0.856061 
    0.963788     0.901515 
    0.965645     0.901515 
    0.971216     0.886364 
    0.972145     0.901515 
    0.968431     0.871212 
    0.968431     0.886364 
     0.96286     0.878788 
    0.961931     0.871212 
    0.953575     0.909091 
    0.961003     0.882576 
    0.968431     0.863636 
    0.963788     0.840909 
     0.96286     0.882576 
    0.968431     0.871212 
    0.954503     0.886364 
     0.95636     0.893939 
    0.972145     0.909091 
    0.953575     0.886364 
     0.95636     0.905303 
    0.970288     0.905303 
    0.969359     0.901515 
    0.963788     0.871212 
     0.96286     0.931818 
    0.959146     0.882576 
    0.968431     0.905303 
     0.95636     0.878788 
    0.957289     0.893939 
     0.95636     0.924242 
    0.958217     0.909091 
    0.963788     0.905303 
    0.953575     0.931818 
    0.963788     0.909091 
    0.947075     0.924242 
    0.959146     0.901515 
    0.966574     0.912879 
    0.968431     0.912879 
    0.968431     0.905303 
    0.958217     0.893939 
    0.961003     0.897727 
    0.961931     0.909091 
    0.959146     0.897727 
    0.965645     0.905303 
     0.96286     0.905303 
    0.963788     0.924242 
    0.955432     0.909091 
    0.960074     0.905303 
    0.967502     0.890152 
    0.977716     0.901515 
    0.957289     0.912879 
     0.96286     0.893939 
    0.959146     0.901515 
     0.95636     0.901515 
    0.964717     0.890152 
    0.958217     0.912879 
    0.963788     0.920455 
    0.951718     0.920455 
    0.965645     0.912879 
    0.959146     0.905303 
    0.971216     0.893939 
    0.958217     0.909091 
    0.978644     0.916667 
    0.954503     0.886364 
    0.957289     0.901515 
    0.961003     0.890152 
    0.958217     0.867424 
    0.968431     0.890152 
    0.963788     0.886364 
    0.965645        0.875 
    0.961931     0.897727 
    0.963788     0.901515 
    0.959146     0.878788 
    0.958217     0.871212 
     0.96286     0.859848 
    0.965645     0.893939 
     0.95636     0.829545 
    0.954503     0.863636 
    0.960074        0.875 
    0.961003     0.852273 
    0.958217     0.863636 
    0.958217     0.905303 
    0.955432     0.905303 
    0.973073     0.905303 
    0.961003     0.912879 
    0.961003     0.886364 
    0.966574     0.867424 
    0.972145     0.890152 
     0.95636     0.886364 
    0.964717     0.882576 
    0.965645     0.901515 
     0.95636     0.901515 
    0.970288     0.863636 
    0.954503     0.901515 
    0.960074     0.886364 
    0.954503     0.897727 
    0.961003     0.882576 
     0.96286     0.897727 
    0.966574     0.893939 
    0.954503     0.893939 
     0.96286     0.905303 
    0.951718        0.875 
    0.964717     0.924242 
     0.95636     0.909091 
    0.963788     0.920455 
     0.95636     0.893939 
    0.952646     0.897727 
    0.960074     0.901515 
    0.968431     0.909091 
    0.940576     0.912879 
    0.954503     0.901515 
    0.965645     0.890152 
    0.958217     0.909091 
    0.949861     0.886364 
    0.974002     0.912879 
    0.949861     0.916667 
    0.968431     0.897727 
    0.968431     0.905303 
    0.954503     0.886364 
    0.959146     0.912879 
    0.960074     0.901515 
     0.95636     0.890152 
    0.960074     0.901515 
     0.95636     0.916667 
    0.959146     0.909091 
     0.95636      0.92803 
    0.955432     0.912879 
    0.960074     0.905303 
    0.949861     0.920455 
    0.951718     0.905303 
    0.951718     0.912879 
    0.967502     0.897727 
    0.948004     0.912879 
    0.960074     0.931818 
    0.958217     0.912879 
     0.96286     0.931818 
    0.947075     0.912879 
     0.95636     0.920455 
     0.95636     0.890152 
     0.96286     0.912879 
    0.969359     0.920455 
    0.960074     0.916667 
    0.970288     0.905303 
    0.960074     0.935606 
    0.955432     0.924242 
    0.960074     0.916667 
    0.954503     0.912879 
    0.959146     0.897727 
    0.972145     0.905303 
    0.948004     0.912879 
    0.957289     0.924242 
    0.964717     0.920455 
    0.950789     0.909091 
    0.945218     0.901515 
    0.958217     0.920455 
    0.957289     0.924242 
    0.960074     0.901515 
    0.965645     0.912879 
    0.958217     0.901515 
     0.95636     0.912879 
    0.949861     0.890152 
    0.959146     0.882576 
    0.945218     0.893939 
    0.953575        0.875 
    0.943361     0.916667 
    0.954503     0.909091 
    0.959146     0.897727 
    0.953575     0.912879 
    0.948004     0.897727 
    0.955432     0.897727 
     0.96286      0.92803 
    0.935933     0.890152 
    0.955432     0.882576 
    0.969359     0.901515 
     0.96286     0.901515 
    0.952646     0.878788 
    0.953575     0.905303 
     0.95636     0.893939 
    0.955432     0.886364 
    0.961931      0.92803 
    0.960074     0.905303 
    0.959146     0.886364 
    0.965645     0.893939 
    0.966574     0.912879 
    0.951718     0.924242 
    0.965645     0.912879 
    0.954503     0.882576 
    0.952646     0.863636 
    0.965645     0.901515 
     0.96286      0.92803 
    0.952646     0.912879 
    0.960074     0.931818 
    0.949861     0.893939 
    0.950789     0.912879 
    0.948004     0.912879 
    0.964717     0.905303 
    0.955432     0.920455 
    0.958217     0.897727 
    0.938719     0.912879 
    0.957289     0.912879 
    0.959146     0.909091 
    0.958217     0.905303 
    0.972145     0.905303 
    0.951718     0.912879 
    0.961003     0.912879 
    0.952646     0.916667 
     0.95636     0.909091 
    0.951718     0.916667 
    0.961003     0.852273 
     0.96286     0.905303 
    0.961931     0.920455 
    0.954503     0.882576 
    0.950789     0.897727 
    0.957289     0.909091 
    0.952646     0.901515 
    0.938719     0.909091 
    0.951718     0.909091 
    0.951718     0.905303 
    0.960074     0.916667 
    0.953575     0.893939 
    0.965645     0.905303 
    0.951718     0.920455 
    0.957289     0.916667 
    0.935005     0.920455 
    0.942433     0.912879 
    0.950789     0.905303 
    0.938719     0.886364 
    0.952646     0.912879 
    0.965645     0.912879 
    0.953575     0.905303 
     0.95636     0.916667 
    0.960074     0.924242 
    0.949861     0.916667 
    0.954503     0.916667 
    0.953575     0.924242 
    0.955432     0.909091 
    0.958217     0.912879 
    0.954503     0.912879 
    0.958217     0.920455 
    0.961003     0.901515 
    0.960074      0.92803 
    0.957289     0.901515 
    0.951718     0.912879 
    0.949861     0.890152 
    0.949861     0.901515 
     0.95636     0.909091 
     0.94429     0.912879 
    0.961931     0.901515 
    0.955432     0.901515 
    0.952646     0.905303 
    0.968431     0.893939 
    0.948932     0.916667 
    0.959146     0.890152 
    0.951718     0.909091 
    0.946147     0.916667 
    0.953575     0.916667 
     0.96286      0.92803 
    0.955432      0.92803 
    0.959146     0.912879 
    0.963788     0.886364 
    0.949861     0.886364 
    0.961003     0.912879 
    0.948932     0.886364 
    0.951718     0.893939 
    0.934076     0.920455 
     0.95636     0.909091 
    0.950789     0.912879 
    0.953575     0.924242 
    0.952646     0.909091 
    0.948004     0.905303 
    0.949861     0.912879 
    0.960074     0.901515 
    0.949861     0.909091 
     0.94429     0.920455 
    0.963788     0.909091 
    0.946147     0.916667 
    0.958217     0.912879 
    0.952646     0.901515 
    0.952646     0.920455 
    0.954503     0.897727 
    0.958217     0.931818 
    0.948932     0.931818 
    0.949861     0.912879 
    0.946147     0.909091 
    0.948932     0.916667 
    0.955432     0.920455 
    0.949861     0.912879 
    0.954503     0.916667 
    0.957289     0.909091 
    0.949861     0.893939 
    0.954503     0.909091 
    0.942433     0.912879 
    0.946147     0.905303 
    0.954503     0.905303 
     0.95636     0.897727 
    0.943361     0.916667 
    0.959146     0.897727 
    0.936862     0.905303 
    0.938719     0.890152 
    0.965645     0.912879 
    0.948932     0.916667 
    0.933148     0.886364 
    0.958217     0.882576 
     0.94429     0.901515 
    0.964717     0.916667 
    0.948932     0.920455 
    0.940576     0.912879 
    0.957289     0.935606 
     0.95636     0.871212 
    0.955432     0.909091 
    0.953575     0.924242 
    0.942433     0.893939 
    0.949861     0.916667 
    0.950789     0.886364 
    0.943361     0.920455 
    0.945218     0.901515 
    0.952646     0.924242 
    0.949861     0.901515 
    0.949861     0.901515 
     0.94429     0.867424 
     0.94429     0.893939 
    0.954503     0.886364 
    0.959146     0.901515 
    0.959146     0.920455 
     0.96286     0.897727 
    0.939647     0.901515 
    0.940576     0.871212 
    0.946147     0.882576 
    0.948932     0.912879 
     0.93779     0.916667 
    0.948932     0.909091 
    0.943361     0.878788 
    0.949861     0.893939 
    0.952646     0.893939 
    0.948932     0.901515 
    0.946147     0.909091 
    0.961931     0.905303 
    0.953575     0.905303 
    0.941504     0.909091 
    0.942433     0.909091 
    0.945218     0.916667 
    0.955432     0.920455 
    0.946147      0.92803 
    0.951718     0.912879 
    0.952646     0.912879 
    0.949861     0.901515 
    0.948004     0.905303 
    0.940576     0.871212 
    0.953575     0.890152 
    0.953575     0.909091 
    0.951718     0.916667 
    0.953575     0.920455 
    0.942433     0.886364 
    0.957289     0.920455 
    0.943361     0.878788 
     0.94429     0.909091 
    0.947075     0.912879 
    0.947075     0.920455 
    0.948932     0.912879 
    0.943361     0.912879 
    0.948932     0.916667 
    0.946147     0.890152 
    0.949861     0.886364 
    0.939647     0.897727 
     0.94429     0.897727 
    0.948004     0.909091 
    0.948004     0.897727 
    0.943361     0.920455 
     0.94429     0.909091 
    0.950789     0.909091 
     0.93779     0.920455 
    0.948004     0.924242 
    0.951718     0.897727 
    0.945218     0.916667 
    0.951718     0.882576 
    0.942433     0.920455 
    0.950789     0.878788 
    0.950789     0.909091 
    0.938719     0.901515 
     0.95636     0.924242 
    0.948004     0.871212 
    0.961003     0.912879 
    0.943361     0.897727 
    0.946147     0.878788 
    0.947075     0.912879 
     0.93779     0.893939 
    0.942433     0.859848 
    0.955432     0.897727 
    0.945218     0.909091 
    0.952646     0.897727 
    0.935933     0.878788 
    0.941504     0.909091 
     0.95636     0.905303 
    0.945218     0.893939 
    0.949861     0.897727 
     0.93779     0.897727 
    0.946147     0.920455 
    0.948004     0.886364 
    0.950789     0.893939 
     0.94429     0.920455 
    0.955432     0.924242 
     0.94429     0.905303 
    0.955432     0.912879 
    0.943361     0.909091 
    0.954503        0.875 
    0.929434     0.912879 
     0.93779     0.912879 
     0.94429     0.916667 
    0.922006     0.924242 
    0.942433     0.912879 
     0.93779     0.905303 
    0.953575     0.912879 
    0.957289     0.920455 
    0.930362     0.920455 
    0.948004     0.912879 
    0.941504     0.897727 
    0.948004     0.912879 
    0.945218     0.882576 
    0.948004     0.901515 
    0.948932     0.878788 
    0.940576     0.901515 
    0.935005     0.909091 
    0.934076     0.912879 
    0.947075     0.920455 
    0.954503     0.901515 
    0.949861     0.890152 
    0.929434     0.878788 
    0.951718     0.897727 
    0.949861     0.863636 
    0.952646     0.886364 
    0.950789     0.890152 
    0.943361     0.897727 
    0.948004     0.878788 
    0.940576     0.882576 
