#      Train        Test
     13.8219      11.9249 
     10.9432      10.2602 
     9.58198      9.68083 
     9.31002      9.97163 
     9.16661      9.03896 
     8.95546       9.0062 
     8.78307       8.7584 
     8.60188      8.92467 
     8.45459      8.50751 
     8.28603      8.51378 
     8.27161      8.77795 
     8.16019      8.79553 
     8.06756      8.52367 
     8.05609      8.63058 
     7.92483      7.99965 
     7.71608      7.92169 
     7.76572      8.14425 
     7.86202      7.87585 
     7.53003      8.53452 
      7.4765      7.62437 
     7.51995      7.81395 
     7.32375      7.87077 
     7.35882      7.51442 
     7.18965      8.18216 
     7.24135      7.82659 
     7.12261      7.54373 
      7.0374      7.19068 
     7.24589       8.0325 
     7.14677       7.1932 
     6.41387       6.0151 
     5.69001      5.89125 
     5.44637      6.36178 
        5.26      6.17806 
     5.36016      5.47278 
     5.23585      5.59883 
     5.15585      5.39713 
     4.99386      5.52267 
     5.06521      5.20014 
     4.98449      5.69017 
     5.10256      5.47995 
     5.04184      5.14471 
      4.9017      5.14944 
     4.98607      5.00098 
     4.84839      4.99341 
     4.79297      4.84182 
     4.73722      5.25503 
     4.64866      4.93587 
     4.65284      5.10155 
     4.82853      5.35973 
     4.75811      5.55054 
     4.70282      5.05081 
     4.64309      5.14301 
     4.77091      4.97289 
     4.63397      5.16251 
     4.55568      5.31543 
     4.54223      4.99953 
     4.50061      5.69574 
     4.64201      5.24302 
      4.5548      4.97079 
     4.42341      5.01113 
     4.46966      5.63039 
     4.51182      5.00226 
      4.3786      5.10359 
     4.45355      4.81377 
     4.47137      5.18888 
     4.44572      5.37628 
     4.37887      4.67556 
     4.43274      4.86003 
     4.36414      4.89548 
     4.26747      4.84144 
     4.39717      4.65529 
     4.32477      4.91435 
     4.21304      4.83884 
     4.37695      4.92352 
     4.26263      5.03943 
     4.13027       4.8384 
     4.29749      4.67767 
     4.25231       4.5233 
     4.25171      4.68738 
     4.16546      4.91043 
     4.26022      4.78654 
     4.17154      4.88746 
     4.10559       5.0212 
      4.1696      4.70467 
     4.14877        4.993 
     4.19578       4.5962 
     4.06411      4.94488 
     4.09264      4.94604 
     4.10357      4.73977 
     3.96451      5.49512 
     4.21069      5.08886 
     4.02592      5.04742 
     4.06792      4.98054 
     4.09762      5.26596 
     4.04731      6.27548 
     3.82922      5.83227 
     3.83868      5.82784 
     3.96217      5.81478 
     3.83686      5.70996 
     3.92733      6.27263 
     3.85513       6.0006 
     2.40502      4.42742 
      2.1838      5.41976 
     2.16842      4.43733 
     2.01566      4.79355 
     2.04437      4.87701 
     2.04506       4.4694 
      1.9762      4.59142 
      2.0372      4.79929 
     2.07061      5.10443 
     1.95606      4.86355 
     1.88342      5.10965 
     1.91961      5.15159 
     1.90091      5.12053 
     1.89039      4.68194 
      1.8489      4.57968 
     1.75431      4.63557 
      1.8778      4.78965 
     1.79674      4.94597 
     1.74511      5.03942 
     1.73509      4.49406 
     1.80148      4.78885 
     1.74585      5.00897 
     1.76069      4.91591 
     1.62689      5.28788 
     1.75717      4.90383 
     1.77425      5.32119 
     1.67224      4.92133 
     1.65055      4.56779 
     1.71447      5.26344 
     1.82311      5.28028 
     1.66603      5.32106 
     1.71905      5.42732 
     1.61906        5.196 
     1.66638      4.53749 
      1.6484      4.58875 
     1.70275      5.48492 
     1.58044      5.40315 
     1.62467      4.84746 
     1.59899       5.6225 
     1.58251      4.45059 
      1.6355      5.07962 
     1.55537      4.85841 
     1.56843      4.62683 
     1.49396       4.3585 
     1.68017      5.09947 
     1.64615      5.17299 
     1.54272      4.86394 
     1.58402       4.9214 
     1.57406      5.10958 
     1.55013      4.89604 
      1.5008      5.21424 
     1.48518       4.9625 
      1.4954      4.53229 
     1.59303      5.34888 
     1.56187      4.45915 
     1.42268       4.5276 
     1.55399      4.66181 
     1.48575      4.89311 
     1.57412       4.8298 
     1.50655      4.69765 
     1.52368      4.74796 
     1.36684      5.11566 
     1.35099      4.92065 
      1.4709      4.57594 
     1.50868      5.16258 
     1.37054      5.15326 
     1.45023      5.17188 
     1.57569      5.05656 
     1.44455      4.63075 
     1.42458      4.72608 
     1.37973      5.70928 
     1.45842      5.20109 
     1.41543      4.84689 
     1.45924      5.30928 
     1.48076       4.6431 
     1.56044      5.34432 
     1.50166      5.24767 
     1.52375      5.83903 
     1.38333      4.97886 
     1.41617      5.24168 
     1.46075        4.583 
      1.3478      5.02165 
     1.42238      4.93873 
     1.40608      5.51301 
     1.30724      5.07487 
     1.44524      5.55321 
     1.40594      4.68465 
     1.33456      5.24386 
     1.25336      4.83546 
      1.3485      5.04263 
     1.44835      5.56249 
     1.27848      4.71094 
     1.39431      4.73404 
     1.37292      5.47848 
     1.33299      5.26261 
      1.3402      5.75349 
     1.42304      4.71242 
     1.37536      5.28159 
     1.32343      4.97059 
     1.24747      5.67248 
     1.37741      5.64636 
     1.31877      4.36971 
     1.27651      4.88655 
     1.30688      4.54095 
     1.23312      4.66478 
     1.27807      4.79844 
     1.19526      4.89657 
     1.34425      5.15399 
     1.32736       5.6598 
     1.35178      5.44971 
     1.24207      4.88256 
     1.31556      4.88979 
     1.23374      4.84112 
     1.27011      4.76378 
     1.31061      4.99309 
     1.24195      5.03569 
     1.25206      5.08613 
     1.33685      5.76971 
     1.27682      4.81307 
      1.2032       5.0656 
     1.32472      5.46345 
     1.26719       5.1187 
     1.23636       5.6442 
      1.2873      5.09489 
     1.27643      5.59906 
     1.28244      5.65387 
     1.30587      5.35783 
     1.22173      5.27159 
     1.34306      5.72037 
     1.22961      5.55297 
     1.15029      6.00643 
     1.18069      5.71944 
     1.14643      5.49966 
     1.15771      5.58593 
     1.10574      4.94116 
     1.18539       5.7756 
     1.24522      5.37914 
     1.21057      5.67689 
     1.19689      5.30838 
     1.18449      5.24675 
      1.1998      5.58144 
      1.1775      5.64458 
     1.18072      5.71565 
     1.29496      5.42844 
     1.21576      6.49133 
     1.14889        5.166 
     1.19338      5.97781 
     1.21603      5.43413 
     1.21796      6.00219 
     1.17358      5.42213 
     1.12101      6.45467 
     1.16124      6.23721 
     1.09507      5.70731 
     1.23596      5.91865 
     1.23872      6.11537 
     1.05352      5.46376 
     1.22144      6.14662 
     1.24812      5.64522 
     1.14627      6.53642 
     1.08071      5.75302 
     1.13063       6.3927 
     1.11055      6.70703 
     1.09931      5.56623 
     1.15134      6.09262 
     1.07981       6.1737 
     1.16417      6.44516 
     1.08125      6.44126 
     1.15249      5.85738 
      1.1017      6.67245 
     1.13334      6.43694 
     1.14602      5.98923 
     1.15187      6.63382 
     1.02775      6.37013 
     1.14574      5.50276 
     1.12472      6.89574 
     1.16418      7.14037 
     1.07594      6.06212 
      1.1187      6.22124 
      1.1604      6.13816 
     1.14704       6.5847 
     1.09913      6.52747 
    0.999853      7.10353 
     1.08788      7.04973 
     1.21396      6.22948 
     1.07503      6.49923 
     1.01818      6.47008 
     1.21699      7.33606 
     1.07282      6.84109 
     1.11492      6.33032 
     1.01628      5.94699 
      1.0393      7.46766 
     1.13438      6.74465 
     1.17124      6.72299 
     1.02477      6.96596 
    0.970384      6.09111 
     1.06488      6.66011 
     1.02721      6.41192 
     1.02571      6.20327 
     1.15495      5.97283 
     1.00047      6.90336 
     1.12657      7.66758 
     1.05007      7.07278 
    0.918265      7.08212 
     1.03235      7.19701 
     1.07881      7.72627 
    0.967485      6.59377 
     1.07895      6.92334 
     1.10673      8.08963 
     1.08785      7.93895 
     1.03974      5.95178 
     1.15368      7.32342 
     1.04644      7.51218 
     1.09321       7.8604 
     1.08892      6.85709 
     1.04001      7.66608 
    0.995715      7.58042 
    0.975404      7.86966 
     1.00695      7.44402 
    0.914174      7.50692 
     1.08602      7.06073 
      1.1336      8.44867 
     0.98219      7.22345 
     1.03296       7.4268 
     1.04084      6.85632 
     1.04463      6.98403 
    0.934997       7.2177 
    0.985189      8.28426 
    0.996182       6.9471 
    0.997346      8.04587 
     1.03149      6.87616 
    0.997645      7.74424 
    0.972645      7.16662 
     1.05106      7.66576 
     1.10182      8.77668 
     1.00441      7.59921 
     0.90013       7.8368 
    0.941136      7.47467 
     1.01444      7.46973 
    0.927374      7.54299 
     0.98303      7.20459 
     0.96621      7.30179 
     1.05731      7.39427 
     1.04205      7.93855 
    0.942292      8.10571 
    0.949002      8.33678 
    0.874861      9.01162 
     1.05213       9.1215 
    0.976752      8.35776 
    0.914191      8.04972 
     1.03417      8.37608 
    0.952832      8.79553 
    0.913613      8.05974 
     1.03006      8.01784 
    0.993055      7.92871 
    0.958008       7.7388 
     1.01414        8.034 
    0.950718      7.59994 
     1.04001      8.29094 
    0.970785      8.09469 
    0.994567      8.94917 
    0.875692      8.60356 
    0.988422      8.83645 
    0.940822      9.12825 
     0.97203      9.21715 
    0.832781       8.7694 
     1.03444      8.37475 
     1.02261      8.26712 
    0.951371      9.51202 
    0.870388      8.65697 
     1.02799      8.42121 
     1.03625      8.44027 
    0.868261      8.48776 
    0.888001      8.63989 
    0.906483      8.67251 
    0.949219      8.49356 
      1.0017      9.04391 
    0.846501      9.07502 
    0.858969      9.07152 
    0.880378      8.70096 
     1.03377      9.30665 
    0.915675      9.66398 
    0.955874      10.1338 
    0.995388      9.06815 
    0.935932      10.2387 
    0.869056      9.00729 
    0.918155      9.68715 
    0.897295      10.9322 
    0.979763      8.69369 
    0.917824      10.1162 
    0.897371      10.6371 
    0.905512      9.58518 
    0.875995      9.93919 
     1.02307      9.98092 
     0.88403      9.10768 
    0.810639      9.19568 
    0.853242       8.8874 
    0.920087      11.2073 
    0.913217      9.52438 
    0.954249      9.99188 
    0.940124      9.58829 
    0.923768      8.63774 
    0.900149      9.75802 
    0.849601      10.1031 
    0.940475      11.1122 
    0.877091      10.9023 
    0.918361      10.6168 
    0.833208      11.0348 
    0.781159      10.2302 
    0.903449      11.3146 
     1.07591      9.98748 
    0.896054      10.9945 
    0.861151      11.0816 
    0.810043      11.2776 
    0.846021      11.6218 
    0.870508      11.5366 
    0.802335      10.6248 
    0.868469      11.3486 
    0.792488      11.7864 
    0.892289      12.1855 
     0.88125      9.80828 
    0.921812       10.302 
    0.960698      11.4862 
    0.859539      11.4004 
    0.893743       10.585 
    0.928149      11.5167 
    0.936387       11.751 
    0.885518       12.432 
    0.879581      11.5828 
    0.907717      12.0913 
    0.947629      11.0757 
    0.967188      12.4767 
    0.875908      11.4564 
    0.809813      11.6163 
    0.874288      12.8426 
    0.876557      12.0493 
    0.867388      11.9863 
    0.850128      13.1259 
     0.79638      11.5584 
    0.796631      12.2118 
    0.880551      11.9061 
    0.934831      13.6262 
    0.787685      12.7968 
    0.833319      12.2045 
    0.928474       13.694 
    0.872043      12.9987 
    0.857549      13.6341 
    0.871667      14.7049 
    0.892326      12.7769 
    0.879847      12.9687 
    0.816207      15.0943 
    0.878028      13.6717 
    0.842912      12.4013 
    0.880698      13.7676 
    0.792707      13.1156 
    0.892809      14.7376 
    0.880155      13.2387 
    0.864625      14.5569 
     0.87179      15.7119 
    0.834044      16.0811 
     0.87073      15.4729 
    0.716612      14.6198 
     0.79074      13.4352 
    0.839215      13.7901 
    0.859964      14.4959 
    0.810376      15.3772 
    0.779434      14.7123 
    0.804695      15.0436 
    0.826057      15.5922 
    0.780387      15.2686 
    0.829788      15.3389 
     0.81783      14.9895 
    0.789551      15.1319 
    0.867266      14.6505 
    0.750153      15.1725 
    0.794302      16.8314 
     0.81413      15.6419 
    0.750308      16.1423 
    0.912787      17.1105 
    0.840113      16.8401 
    0.785373      17.3802 
    0.813841      17.4661 
    0.928993      17.0139 
    0.861617      17.0439 
    0.815582      16.8379 
    0.895562      16.2619 
    0.859104      17.2386 
    0.872326      17.4167 
    0.913174      17.0791 
    0.812476      17.1151 
    0.813183      17.1338 
    0.796413      16.5352 
    0.872057      18.5454 
    0.878553      17.7308 
    0.780141      17.1184 
    0.846428      17.3279 
    0.790613      20.2361 
    0.791976      19.3439 
    0.824972      18.1592 
    0.792238       16.859 
    0.867923      19.4694 
    0.786924      18.9839 
    0.859444      19.6884 
    0.886701      18.9113 
    0.841899      18.2556 
    0.771178      17.8289 
    0.788081      18.3824 
     0.85021      18.3138 
    0.752431      20.0061 
     0.83892      18.5178 
    0.767202      18.4979 
    0.851041      18.2353 
    0.854059      18.2693 
    0.760031      17.6914 
    0.723706      19.9526 
    0.772982      20.8248 
    0.803977      19.8153 
    0.827877      20.0243 
    0.696872      19.3028 
    0.815628      18.9064 
    0.791134      19.7464 
    0.908417      20.5567 
    0.864186      19.6065 
    0.864612      19.6458 
     0.79719      21.8729 
    0.747677      20.2207 
    0.845853      19.4199 
    0.801309      20.9757 
    0.818847      19.9525 
    0.865743      20.6973 
    0.754424      20.6921 
     0.75915      20.4963 
    0.847408      21.0187 
    0.777623      22.2785 
    0.859664      21.2823 
     1.00361      22.3172 
    0.800367      22.5681 
    0.823552       23.753 
    0.810458       22.673 
    0.798476      21.9029 
    0.785532       20.686 
    0.744734      20.1927 
    0.815189      20.7232 
    0.814172      22.5228 
    0.714178      22.2922 
    0.771001       21.975 
    0.778267      21.2733 
    0.770947       23.859 
    0.860851      21.0494 
    0.795836      22.1205 
    0.836515      19.7035 
    0.792023      22.8403 
    0.753587      22.7349 
     0.77338      21.9451 
    0.762332      23.0455 
    0.806937      22.0354 
    0.780265      22.7455 
    0.777309      22.2287 
     0.75058      21.6655 
    0.760925      22.9029 
    0.682434      23.4821 
    0.762688      23.8827 
    0.740381       19.414 
    0.889034      22.2119 
    0.816835      23.3368 
     0.77898      25.0982 
    0.845378      24.4137 
    0.724771      24.9837 
    0.782731      23.1673 
    0.759647      23.2163 
    0.758725      25.3031 
    0.725113      23.5565 
    0.821595      23.2892 
    0.763929      24.2323 
    0.709638      25.2552 
    0.747799      23.7801 
    0.769738      23.1436 
    0.761495      23.4359 
    0.725704      24.8785 
    0.716863      26.1835 
    0.765331      25.3235 
    0.701038      25.5872 
    0.759974      24.2052 
    0.644085       26.444 
    0.739013      24.9618 
    0.802744      23.6241 
    0.739104       26.032 
    0.761682      24.1172 
    0.788719      23.6513 
    0.708287      23.0686 
    0.741781      25.9529 
    0.750935      25.0023 
    0.731995      24.3997 
    0.719639      25.2705 
    0.683496       22.647 
    0.717088      24.7215 
    0.688157      23.6753 
    0.657631      22.3393 
    0.751427      25.4317 
    0.713403      25.7839 
    0.722898      24.1649 
    0.788909      24.9646 
    0.774381      26.1217 
    0.727937      24.4479 
     0.79677      24.3815 
    0.638092      26.4159 
    0.825481      24.0783 
    0.685124      25.9342 
    0.726127      24.6944 
    0.706427      23.6701 
    0.741702      25.1737 
    0.706902      25.3361 
     0.83554      27.1312 
    0.686139      25.9408 
    0.700665      27.0938 
    0.657629      26.7936 
    0.617671      26.8904 
     0.73357      28.7531 
    0.657857      25.8239 
    0.714868      25.0976 
    0.661623      28.7089 
    0.758671      25.9389 
    0.763637      26.8765 
    0.692925      23.7511 
    0.653115      25.8046 
    0.673011      26.6325 
    0.695557      27.7883 
    0.787468      25.9731 
    0.612346      27.1119 
    0.734972      28.2832 
    0.744483      27.2069 
    0.599144      27.2622 
    0.645925      28.2387 
     0.71216      27.5524 
    0.707569      26.5704 
     0.68837      26.2088 
    0.641984       26.382 
    0.638711      27.3621 
    0.742029      29.1413 
     0.70682      28.1924 
    0.615419      28.8013 
    0.669248      26.8921 
    0.631274       26.419 
    0.708931      26.5601 
    0.646413      30.6308 
    0.609253      27.5315 
    0.691506      27.9192 
    0.675919      27.1985 
    0.612637      28.3768 
     0.59755      27.9627 
    0.650713      27.0096 
    0.668504      28.3787 
    0.585638      29.8737 
    0.655469      28.1484 
    0.674872      28.7516 
     0.70078      28.6451 
    0.739574      29.4369 
    0.706116        28.62 
    0.631444      29.8365 
    0.720978      26.9517 
    0.710192      28.8816 
    0.734112      26.8716 
    0.627782      27.3844 
    0.641175      29.1136 
     0.69468      27.8651 
    0.689432      27.1124 
    0.603517      29.2142 
    0.658103      28.6841 
     0.70942      29.0403 
    0.721936      27.6256 
    0.620135      28.4441 
    0.621761      28.9848 
    0.730981      27.1255 
     0.68744      26.7517 
    0.699706      27.7545 
    0.677123      27.8208 
    0.714562      28.5735 
    0.636382      26.8946 
    0.643971      29.7912 
    0.639002      27.6633 
    0.622016      30.7208 
    0.702679       27.545 
     0.63599      27.4109 
    0.718521      29.9514 
    0.593196      29.7743 
    0.682847      28.5764 
    0.724409      27.3359 
    0.740065      29.0651 
    0.732495      28.2901 
    0.659301      30.1587 
    0.652199      31.3589 
    0.613253      28.3339 
    0.599844      29.1508 
    0.714845      29.5007 
    0.666794      28.6982 
    0.642959      28.3515 
    0.620651      27.6662 
    0.640678      30.0009 
    0.669469      27.7396 
    0.619494      29.5078 
     0.66284      29.1402 
     0.68663      28.9951 
     0.57112      29.4683 
    0.704434      28.6376 
    0.720487      29.7813 
    0.656599      29.8807 
    0.626777      29.5926 
    0.655788      28.2052 
    0.587086      29.0438 
    0.665667      29.2769 
     0.65598      31.1869 
    0.692279      28.8682 
    0.706849      28.4644 
    0.608018      29.1642 
    0.639338      30.2469 
    0.604974      27.1119 
    0.630716       28.801 
    0.586212      30.2369 
        0.69      27.4331 
    0.602417      27.8258 
    0.633309       30.677 
    0.731506      30.6068 
    0.605265      30.1466 
     0.71495      28.1652 
    0.710082      31.1344 
     0.69559      30.4081 
    0.702895      29.3805 
    0.652637      31.4111 
    0.682166       29.555 
    0.680288      29.4835 
    0.637538      30.8738 
    0.675566      28.7735 
      0.6416      30.9716 
     0.62814      30.3341 
    0.753938      27.8427 
    0.642306      29.0892 
    0.577654      28.9098 
    0.661749      27.4041 
    0.649553      29.2158 
    0.637088      29.1848 
    0.558437      28.9767 
    0.539643      30.5059 
    0.652481      32.4063 
    0.684333      30.2765 
    0.666795       30.788 
    0.646506      27.2003 
    0.568943      29.9079 
    0.620648      30.6573 
    0.624966      31.2467 
    0.627781      29.3661 
    0.566359      27.7473 
    0.643273      29.4691 
    0.650591       29.628 
    0.652762      29.7478 
    0.676794       27.847 
    0.646072      29.9694 
    0.621294      29.0306 
    0.585851      30.2783 
    0.550682      31.4812 
    0.675681      31.9949 
    0.668163      33.1517 
    0.679082      30.3039 
    0.616575      31.3931 
    0.644386      30.5426 
    0.658494      30.9647 
    0.616718      30.8592 
    0.677886      33.1192 
    0.606055      29.8745 
    0.572454      30.3417 
    0.635952      29.4266 
    0.557077      31.0413 
    0.600525      29.9758 
    0.577437      29.9616 
     0.63671      29.5765 
    0.627973      30.0344 
     0.68757       31.213 
    0.598954      30.3272 
    0.633683      30.3301 
    0.697645      32.3465 
    0.659856      30.2866 
    0.707134      35.0634 
    0.667013      30.4977 
    0.691574       29.773 
    0.816368      32.0905 
    0.579449      32.0958 
    0.561188      31.6933 
    0.582351      29.9941 
    0.613886      29.8691 
    0.620258      30.5461 
    0.653689      29.9318 
    0.611312      30.4657 
    0.463114      32.5602 
     0.66169      32.2755 
    0.636479      30.1968 
    0.608244      29.5671 
     0.53612      29.9636 
    0.589461      29.6822 
    0.598822      30.2541 
    0.601979       30.124 
    0.634717      30.1778 
    0.716716      31.2191 
    0.566985      30.8341 
     0.58756       30.425 
    0.637211        30.33 
    0.688962      30.7832 
    0.626363      29.2449 
    0.650514      29.3929 
    0.688986      30.7988 
    0.627615      27.4678 
    0.645865      28.2391 
    0.696116      30.9568 
    0.625262      30.5277 
    0.619955      30.2429 
    0.605184      28.8143 
    0.621631      28.4152 
    0.642304      28.0775 
    0.698174      29.8014 
    0.594923      30.2184 
    0.593199      29.1817 
    0.664717       28.691 
    0.557878      29.1601 
    0.575076      32.3062 
    0.706924      32.1563 
    0.585359       31.119 
    0.740998      31.2021 
    0.584054      30.9742 
    0.679485       30.574 
    0.624124      30.3925 
    0.686141      30.5559 
    0.559526      31.1872 
    0.590972      31.0022 
    0.738008      32.7131 
    0.730226       29.082 
    0.717572      29.8419 
    0.643666       30.487 
    0.698921      29.8172 
    0.582504       33.452 
    0.602218      30.0981 
    0.683044      30.9599 
    0.643525      32.0296 
    0.590995      29.3693 
    0.630952      30.1692 
    0.578655      30.3534 
    0.633897      30.2794 
    0.537143      31.4471 
    0.566011      30.4873 
    0.632662      31.5696 
    0.734938      27.1376 
    0.801051      30.2609 
    0.616561      29.5564 
    0.612409      30.3294 
    0.593565      29.4108 
    0.640956      29.7826 
    0.571845      31.7226 
    0.583937      29.2717 
    0.629441      28.9098 
    0.711167      31.2305 
    0.583253      32.2076 
    0.711965      30.7737 
    0.638714      30.1339 
    0.641978      27.7111 
    0.656637      28.5873 
    0.666453      28.3086 
    0.603626      29.4942 
    0.596048      31.4473 
    0.631428      29.3663 
    0.622922      29.9333 
    0.644065       29.976 
    0.652416      31.2984 
    0.597527      29.6497 
    0.701558      32.8011 
    0.623273      32.7654 
    0.581458      31.6451 
    0.638284      32.9125 
    0.681418      29.7861 
    0.578296      30.8337 
    0.506407      33.2716 
    0.624576      30.0541 
    0.715409      29.3746 
    0.728959       30.158 
    0.669898      29.4657 
    0.592535      29.9533 
    0.563239       30.656 
    0.725099      30.0862 
    0.545867       30.467 
    0.595198      30.5422 
    0.714215      29.0948 
    0.626634      31.7134 
     0.66508      30.1737 
    0.662289      34.8955 
    0.667304      27.5719 
    0.632038      28.4588 
    0.711662      28.4421 
    0.585443      30.7249 
     0.61948      33.0592 
    0.640378      29.6978 
    0.648584      29.9484 
    0.660893      28.2807 
    0.669774      31.5616 
    0.552833      30.7036 
    0.686038      29.9518 
    0.667134      29.3919 
    0.607416       30.848 
    0.598703      33.0513 
    0.598586      32.3781 
    0.607697      31.8708 
    0.635435      30.1175 
    0.570036      32.7723 
    0.597057      30.5437 
    0.668296      31.1473 
    0.636314      29.4769 
    0.650822      29.9557 
    0.750752      29.8079 
    0.644099      29.2775 
    0.616066      28.4036 
    0.525843      30.8082 
    0.617358       31.403 
    0.668072       31.109 
    0.594765      31.4363 
    0.598726      30.8861 
    0.516544      29.7824 
    0.669457      32.1499 
    0.590559      30.6477 
    0.655238      29.2394 
    0.606441      30.8899 
      0.6715      30.7831 
     0.64678        30.27 
    0.670356      31.7608 
    0.731175      29.2192 
     0.73582      29.5167 
    0.636473       32.381 
    0.666009      34.1867 
    0.642434      31.2162 
    0.542433      30.8609 
    0.633739      32.7314 
    0.674986      32.4317 
    0.608867      32.3858 
    0.598589      30.6503 
    0.725905        29.36 
    0.673321       32.021 
    0.712597      32.5809 
    0.630015      31.0408 
    0.693658      31.1633 
     0.65052      29.3256 
    0.633668      32.4722 
      0.5698       30.343 
    0.588649       29.939 
    0.660387      30.3704 
    0.747903      29.7299 
    0.648846      30.7036 
    0.617368      29.5147 
    0.666076      29.6615 
     0.66444      29.5115 
    0.641721      28.9564 
    0.598938      30.3145 
    0.625967      29.9629 
    0.737151      28.7685 
    0.688969      28.8656 
    0.714666      30.5349 
    0.679364      29.6981 
    0.627631      31.3143 
    0.718019      29.0745 
    0.560246       29.432 
     0.59563      30.0569 
     0.62046      30.8674 
    0.595023      31.3193 
    0.647252       30.315 
    0.691565      30.3171 
    0.641199      27.7832 
    0.723432      29.7882 
    0.586116      29.3362 
    0.604794      30.7058 
     0.60967      30.8874 
    0.676732      30.6856 
    0.643248      30.7106 
    0.726114      29.4304 
    0.734627      29.9853 
    0.597751      30.3804 
     0.71231      31.0981 
    0.603729      29.9738 
    0.627403      30.1799 
    0.688646      32.4909 
    0.657119      32.6407 
    0.662493      31.7335 
    0.644222      32.3871 
    0.754431      31.1508 
    0.735399      30.3184 
    0.733552      31.0967 
    0.776507      31.4646 
    0.791257      32.1767 
    0.656821      29.2698 
    0.683445      31.2455 
    0.660634      30.7901 
    0.579362       31.873 
    0.699133      30.8124 
    0.682594      30.8636 
     0.69537      31.0757 
     0.66639      31.2759 
    0.747461      30.8395 
    0.641843      32.1392 
    0.570498        33.25 
    0.574647      30.2956 
    0.673236      32.0679 
    0.753394      29.0139 
    0.658022       30.476 
    0.623165      31.4712 
    0.807159      31.5035 
    0.579392      29.7722 
    0.549443      29.2729 
    0.747563      29.7084 
    0.676255      29.6117 
    0.779729      28.7694 
    0.651524      31.1509 
    0.583519      30.6819 
    0.681442      32.3185 
    0.661611      27.3002 
    0.695232      29.8946 
    0.754186      29.5722 
    0.694859      27.9161 
    0.704926      27.1083 
    0.653535      28.5857 
    0.677929       29.351 
    0.707575      28.6974 
    0.741792      30.2502 
     0.69139      31.5522 
    0.667185      31.0608 
    0.734146      28.5709 
    0.734101       31.826 
    0.614158       30.207 
    0.593203      30.6421 
    0.632108      31.2096 
    0.744862      29.0908 
    0.739514      30.8946 
    0.688595      29.3058 
    0.640778       32.575 
    0.675772      30.9407 
    0.693066      30.3051 
    0.657258      30.5299 
    0.722287      29.7825 
    0.660282      30.8593 
    0.641942      31.2673 
    0.694748      30.3755 
    0.678321      31.2783 
    0.634531       31.388 
     0.59959      30.5527 
    0.704681      29.5449 
    0.744545      31.6054 
    0.638861      34.7078 
    0.700905       33.499 
    0.776182      33.2912 
    0.729282      31.6011 
    0.611212      31.3687 
    0.586387      32.3131 
    0.745614      33.6442 
    0.669554      32.3823 
    0.674379      31.1658 
    0.751681      31.8087 
    0.745466      33.6318 
     0.64227      32.9176 
    0.711634       31.406 
    0.650113      32.0308 
    0.577724      33.2763 
    0.683431      33.0796 
    0.745837      31.2977 
    0.654585      33.0716 
    0.625105      32.1424 
    0.664605       32.442 
    0.702349      31.8343 
    0.685379      31.7637 
    0.682069      32.5052 
    0.616414      31.6382 
    0.668188      32.3153 
    0.646162      32.3982 
    0.613355      32.5677 
    0.667479      33.4776 
    0.729089      32.5256 
    0.678601      32.4655 
    0.731801      32.6178 
    0.747883      32.3533 
    0.598802      32.8675 
    0.669836       32.786 
    0.703737      33.2452 
    0.680682      30.5539 
    0.700494      31.9469 
    0.657857      32.4011 
    0.729579      30.9801 
    0.695901      30.8695 
    0.600687      30.6488 
    0.594458      34.2397 
    0.688374      32.9171 
     0.65084      29.2972 
    0.757081      33.1628 
    0.729921      30.5552 
    0.561486      29.2981 
    0.714658      33.2028 
    0.641219      32.3933 
      0.7065      29.8595 
    0.638072      29.8139 
    0.628702      30.0665 
    0.650392      31.0749 
    0.726846      32.3648 
    0.667772      31.1531 
    0.642044      28.9149 
     0.72493      30.9161 
    0.793912      31.3888 
    0.676351      30.6699 
    0.721365      31.3058 
    0.652374      32.9055 
    0.584709      30.4305 
    0.683985      32.5813 
    0.679496      32.2078 
    0.695162       33.298 
    0.712266      29.7278 
    0.726924      32.3952 
    0.644556       33.498 
     0.76864      30.9785 
    0.790119      31.4813 
    0.708021      32.0198 
     0.78506      33.5975 
    0.685877      32.6617 
    0.702587      31.7878 
    0.859231       31.439 
    0.762238      31.6048 
    0.793445      29.6998 
    0.752957      32.6952 
    0.669061      31.7143 
     0.82273      30.3503 
    0.628634       32.239 
    0.706461      31.8786 
    0.721195      33.1027 
    0.728374      31.8465 
    0.587001      31.4287 
    0.655252      32.1657 
     0.69125      30.7077 
    0.671297      31.7589 
    0.631967      30.0236 
    0.698861      30.7795 
    0.724228      32.6775 
    0.726735      33.5352 
    0.684036      31.1004 
    0.702061      31.6313 
    0.618579      30.7761 
    0.719466      32.2807 
    0.796908      30.6106 
    0.647004      31.6927 
     0.68376      32.1525 
     0.69163      31.2782 
    0.661855       32.904 
    0.659417      31.8174 
    0.668151      32.9798 
    0.694413       31.747 
    0.726421      30.0677 
    0.677357      33.1843 
    0.698904      33.1631 
    0.762864      32.8205 
    0.725964       30.952 
    0.715955      31.2084 
    0.750735      32.5682 
    0.836937      32.3643 
    0.745218      33.3675 
    0.701544      32.6043 
    0.635648      31.6847 
    0.677119      30.6517 
    0.692728      32.7303 
    0.753516      32.0168 
    0.726339      30.7551 
    0.734034      30.8486 
    0.748227      30.9103 
     0.77712      31.4234 
    0.815443       31.404 
    0.794219      31.7742 
    0.786476      31.9051 
    0.818401      30.6169 
    0.723367      31.9625 
    0.806435      31.4401 
    0.653536      30.9944 
     0.74203      31.5108 
    0.741862      32.9963 
    0.655175      33.1272 
    0.719848        32.78 
    0.691767      31.7426 
    0.773253      30.0146 
    0.740946      30.2057 
    0.766965      30.2779 
    0.819516      30.4939 
     0.66427      30.6769 
    0.642115      30.4489 
    0.750309      30.5349 
    0.748268      31.6076 
    0.714219      32.3603 
    0.681255      33.7313 
    0.754988      31.5653 
    0.723686      30.8128 
    0.732917      31.4942 
    0.784379      30.4086 
    0.761698       30.711 
    0.720678      32.0684 
    0.677437      31.4659 
    0.673409      35.2565 
    0.693347      29.4718 
    0.767595      32.0335 
    0.804745      32.7781 
    0.710031      31.4552 
    0.819393      32.7059 
    0.790593      33.7042 
    0.751456      31.8054 
    0.884434      34.0984 
    0.742885      33.4111 
    0.845029      34.1344 
    0.697416      31.3149 
    0.785135      30.7701 
    0.735907      31.1774 
    0.792686      33.3311 
    0.759839      32.3519 
     0.75325      32.5315 
    0.756882      33.6586 
    0.797708      29.7659 
    0.782136      30.4165 
    0.835402      31.8894 
     0.73112      30.9416 
    0.814692      29.9456 
    0.851659      30.2552 
    0.854061      33.5392 
    0.733013      32.6478 
    0.776719      33.9666 
    0.788759      32.4286 
    0.748923      32.3076 
    0.733459       30.343 
    0.835475      30.5983 
    0.841846      31.6636 
     0.79005      30.8441 
    0.786972       31.286 
     0.94179      32.6412 
    0.738114      33.2769 
    0.760316      33.7124 
    0.744505      35.8567 
    0.682431      31.7167 
    0.809612       33.966 
    0.851794      34.5048 
    0.832382      34.0424 
    0.753928      30.5323 
    0.832461      31.1135 
    0.811458      31.4255 
    0.768567      33.2444 
    0.702205      32.3015 
    0.824786      32.8886 
    0.791357       32.051 
    0.756999      34.3697 
    0.838799      32.1937 
    0.891869      33.5293 
    0.756868      32.1005 
    0.774613      33.6163 
       0.789      32.7606 
     0.72653      36.3276 
     0.84612      34.9927 
    0.811114      33.3224 
    0.849853      33.8539 
    0.868558      32.3264 
    0.686942      34.0593 
    0.889302      34.0298 
    0.741436      33.4443 
    0.812184      32.3788 
    0.823607      33.4894 
    0.766489      33.3453 
     0.81624      31.9314 
    0.879318      31.0016 
    0.774299      30.5517 
    0.939014      32.3313 
    0.799047       32.723 
    0.836286      33.3429 
    0.839222      33.5611 
    0.910783       33.409 
    0.843695      31.1821 
    0.854102      30.4071 
    0.865105      32.4252 
    0.783188      30.6337 
    0.887088       31.863 
    0.804677      30.4844 
    0.801221      36.3266 
    0.900037       31.242 
    0.815023      31.1143 
    0.854132      32.8122 
    0.920973      32.5346 
    0.854287      31.8028 
     0.82981      30.9534 
     0.83749      33.9413 
    0.907798      32.7721 
    0.804248      34.7246 
    0.877543      33.1477 
    0.863188      30.6465 
    0.861656      31.4817 
    0.813542      32.9249 
     0.74623       32.828 
     0.76755      31.6022 
    0.792089      33.2446 
    0.872399      34.7105 
     0.75269      32.7253 
    0.786685       34.278 
    0.905703      36.2438 
      0.8592      33.7751 
    0.926859      35.5195 
    0.884988      31.8856 
    0.898541       32.508 
    0.786964      33.5287 
    0.766535      31.8554 
    0.922168      32.4253 
    0.802176      33.3606 
    0.913844      35.3524 
    0.939327      31.6813 
    0.747779      32.3532 
    0.835655      31.5068 
    0.733661       33.336 
    0.776181      31.2728 
    0.908152      31.4477 
    0.817857      31.8914 
    0.863103      31.5649 
    0.896599      34.2098 
    0.794115      30.0452 
    0.846818      33.6855 
    0.868729      32.6797 
    0.823924      31.6061 
     0.89435      30.4175 
    0.875984      31.8017 
    0.846136      32.4055 
    0.891195      30.3493 
    0.817238      32.7826 
    0.818084      31.7233 
    0.833505       34.956 
     0.91604      33.1739 
    0.895859      36.0304 
    0.787137       32.156 
     0.79461      34.3238 
    0.892816      32.3181 
     0.87052      31.1702 
    0.812182      31.4782 
    0.969833       33.281 
    0.878655      34.0047 
    0.887064      34.3311 
    0.885894      33.1546 
    0.931441      31.8945 
    0.835716      33.4531 
    0.842872      34.3194 
    0.965907      32.6483 
     1.01605      31.4292 
    0.933081       32.939 
    0.922697      34.0474 
     1.02147        33.98 
    0.946543      32.3768 
    0.888406      36.1127 
    0.975622      37.4052 
    0.802521      35.1867 
    0.789971      38.0998 
    0.829398      31.0396 
    0.879181      34.5177 
     0.92532      31.3594 
    0.932977      32.5308 
    0.862419       31.443 
    0.800656      30.6341 
    0.737713      29.8363 
    0.868733       34.909 
    0.979499      34.9208 
    0.948999      32.9962 
    0.867646      32.7453 
     1.01306       32.949 
    0.851235      32.7481 
    0.986868      31.4731 
      1.0832      33.5969 
    0.917292      33.3213 
    0.758076      33.5847 
    0.856838      32.6336 
     0.91758      34.2982 
     1.00305      31.7371 
    0.880904      34.2555 
     1.00741      31.5987 
     1.00677      32.4988 
    0.944749      33.0077 
     0.85086      32.5061 
    0.908511       33.334 
    0.891181      31.6831 
     1.00175      32.2091 
     1.06071      29.6756 
    0.825079      31.0198 
    0.936936      30.8668 
    0.980306      30.2706 
    0.991455      32.2688 
     0.98532      31.8832 
    0.958745      32.7805 
    0.914372       31.909 
    0.849889      32.1673 
    0.819828      30.2602 
    0.933853      32.5301 
    0.933621      29.2144 
    0.955447      33.4334 
     0.89877      30.4074 
    0.995141      30.1776 
     1.01126      30.5573 
     1.03016      30.3342 
     0.99996      31.6414 
      1.0266      32.6118 
    0.899068      34.6741 
    0.930166      34.1326 
     0.91282        32.67 
    0.940489      29.1677 
    0.850034      29.7283 
    0.947064      29.8222 
     1.01808      25.7562 
     1.08738      31.5184 
    0.978719      30.4156 
      0.9934       28.983 
    0.972501      30.1668 
    0.907221      30.2277 
    0.924006      31.4193 
    0.915936       32.126 
    0.966705       30.984 
    0.963808      31.2889 
    0.862088      31.2621 
     1.00877       30.472 
    0.895003      33.9839 
     1.04333      30.9704 
     1.00606      29.8758 
    0.976752      28.7673 
     1.04755      31.2797 
    0.929027      30.6897 
    0.946181      29.4911 
    0.985501      30.0177 
    0.999667      29.6254 
     1.03451      28.3187 
    0.898716       29.621 
    0.905376      29.3923 
    0.921346      29.6744 
    0.865535      30.1561 
    0.980661      30.9986 
     1.09145      29.5778 
     1.09999      31.2309 
    0.890617      30.3291 
    0.966142      30.6212 
     1.02308      31.2931 
     1.00099      32.6267 
    0.949833      34.5473 
    0.968691      30.7931 
    0.908935      31.0236 
    0.889472       31.865 
     0.99186      30.2982 
      1.0564      31.0159 
    0.985627      29.8723 
     1.05942      29.2344 
    0.966154      30.5953 
     1.08896      31.0619 
    0.866093       30.874 
     1.03212      30.6787 
    0.932479      30.4601 
    0.983974      30.3325 
    0.965834      30.9224 
     1.06893      31.1791 
    0.911566      29.5561 
    0.947875      29.2017 
     1.02334      29.8846 
    0.998049      29.3502 
     1.08654      29.0668 
     1.09327      29.9714 
     1.08363      31.6631 
    0.892502      30.4461 
    0.994952      30.6865 
    0.980469      28.1228 
     1.05994      29.8933 
     1.11936      32.1174 
     1.02059      32.5849 
    0.989161      33.7686 
    0.923412      32.4026 
     0.92247      29.4405 
     1.08421      30.3607 
     1.02098       30.934 
      0.9816      30.6638 
    0.863807      31.4884 
    0.974234      30.1819 
    0.949499      32.3224 
      1.0995      32.3595 
     1.05807      31.3111 
    0.955713      30.3116 
      1.0412      29.7904 
     1.05483      30.4535 
     0.98219      28.9387 
    0.955237      30.6787 
     1.15427       31.925 
     1.15415      29.2089 
    0.990946      29.7619 
     1.02291      30.3546 
    0.988213      30.3653 
     1.05667      29.6617 
     1.11717       28.685 
     1.16609      33.0971 
     1.10226      28.3313 
     1.13494      27.6601 
    0.987634      29.2031 
    0.988697      28.2686 
     1.08111      29.9631 
     1.12662      29.7635 
      1.0274      29.4691 
    0.903779      28.7858 
     1.01019      31.5814 
     1.03334      26.7804 
     1.02348      31.6305 
     0.94324      28.0059 
     1.02396      30.8419 
     1.10625      31.7129 
     1.03745      31.1266 
     1.06419      28.6986 
    0.948001       30.431 
    0.934175      30.5754 
      1.0873      31.6881 
     1.10862      31.4302 
     1.13327      31.4592 
      1.0878      33.2601 
     1.06902      28.9446 
     1.09292      32.1644 
     1.10429      29.4021 
      1.0175      30.3905 
     1.10696      30.2874 
     1.02429      31.3457 
     1.02026      30.0167 
     1.08496      32.7556 
     1.01848      32.9463 
     1.12788      30.7452 
     1.11724      30.7984 
     1.15502      30.2811 
     1.00677      31.3264 
     1.03593       28.935 
     1.19278      30.0524 
     1.07546      29.6248 
      1.0839      30.7585 
     1.09672      29.1491 
     1.11289      28.7304 
    0.969604      30.4997 
     1.03698      31.0916 
     1.02903      31.3405 
     1.12776      28.8581 
     1.00242      29.5165 
     1.19197      29.8866 
    0.979878      28.1834 
     1.11355      29.3053 
     1.07816      28.5013 
     1.02876      30.7734 
     1.04486      30.4277 
     1.26853      32.1346 
     1.06935      32.0442 
    0.991074      32.5642 
     1.15828      30.8788 
     1.19222      32.2907 
     1.00743      30.8213 
     1.08289      31.4093 
     1.14117      32.1637 
     1.09247      31.3296 
     1.00153      30.0098 
     1.10993      31.0372 
     1.16841      29.5696 
    0.995939      29.8842 
     1.10024      28.5094 
     1.03449      29.8933 
     1.20392       30.374 
     1.06204       30.491 
     0.96874      29.8106 
     1.08367      30.9853 
     1.08144      32.6767 
     1.11412      30.5326 
     1.18424      28.9367 
     1.06085      30.4614 
     1.21999       29.792 
     1.15082      29.5299 
     1.11688      30.2524 
     1.04946      28.8514 
     0.98639       31.397 
     0.99809      29.3385 
     1.12528      31.9177 
      1.0688      31.5141 
      1.1095      31.0762 
     1.19282      29.9102 
     1.22357      29.4615 
      1.1147      30.5939 
     1.04311      29.0877 
      1.1325      33.2837 
     1.10335      31.7975 
     1.08618      30.8259 
     1.19403      30.7212 
     1.11101      29.4637 
     1.05767      29.0928 
     1.23545      31.4774 
     1.19821      30.6051 
     1.13652      32.7185 
     1.13549      30.2258 
     1.13124      29.3905 
     1.18307       32.054 
     1.18326      31.3102 
     1.06101      31.5291 
     1.16977      29.9451 
     1.26258      33.4916 
     1.18998      30.5807 
     1.15616      31.8492 
      1.1234      30.7891 
     1.25907      30.6473 
     1.06685      29.9852 
     1.28414      29.3796 
     1.22429      31.3062 
     1.11147       29.567 
     1.14122       31.495 
     1.10327      29.9335 
     1.19827      32.5296 
     1.19657      30.4204 
     1.22712      30.4505 
     1.25084      29.8525 
     1.19273      31.0862 
     1.18693      29.9914 
     1.14684      28.6432 
     1.17154      29.3261 
     1.14145      28.9755 
      1.1547       27.883 
     1.12163      28.3446 
     1.15575      28.0418 
     1.18693      27.7611 
      1.1562      26.8533 
     1.19994      31.0324 
     1.16696      31.5751 
     1.23965      28.5002 
     1.05165      29.5775 
     1.26429      28.6985 
     1.15373      28.8983 
     1.15132      28.2948 
     1.01674      31.7702 
     1.15459      29.8716 
     1.08706      28.9722 
     1.30577      29.9998 
     1.21926       28.301 
     1.15617      28.9667 
     1.14042      29.7858 
     1.04658      28.2142 
       1.161      29.0007 
     1.04553      28.8707 
     1.16648      29.3838 
     1.06372      29.2687 
     1.16122      28.8313 
     1.10007      30.3321 
     1.18719      30.6465 
     1.09501      28.9808 
     1.22874      31.5366 
     1.21748      29.7702 
      1.1928      28.6203 
     1.15233      31.8008 
     1.19964      30.3024 
     1.13751      31.6784 
     1.18938      29.2397 
     1.04506      30.6756 
     1.14839      29.4801 
     1.18547      29.2081 
     1.13007      29.5506 
     1.07242      30.3147 
     1.12674      30.8876 
     1.08268      31.1902 
     1.11177      28.9639 
     1.14396      28.0512 
     1.10161      31.2514 
     1.22921      29.7435 
     1.19229      31.4629 
      1.2384      28.8812 
     1.16429      29.9346 
     1.24004      29.5416 
     1.17282      27.9565 
     1.25262      27.1356 
     1.27003      28.1659 
     1.30609      29.0754 
     1.28092      29.7087 
     1.28216      28.6459 
     1.22543       27.848 
      1.2561      28.6838 
     1.32698       29.263 
     1.27377      28.1141 
     1.12083      28.6339 
     1.44275      29.6405 
       1.323      30.2157 
     1.15165      29.1691 
     1.28768      28.6912 
     1.28106      28.9565 
       1.116      28.4664 
     1.30609      26.6651 
     1.16437      28.0372 
     1.24062      26.8604 
     1.26241      27.7739 
     1.34791      28.2774 
     1.20565      27.1297 
      1.2599      28.9889 
      1.2381      29.2014 
      1.3002       29.786 
     1.27671      28.9885 
     1.26106      28.2584 
     1.25936      29.6114 
     1.22128      31.0445 
     1.34325      28.7723 
     1.31352        28.85 
     1.36159      30.6062 
     1.18973      28.6446 
     1.33193      26.9103 
     1.29571      28.9876 
     1.16058      27.4333 
     1.29073      27.5511 
     1.38203      27.5249 
     1.31855      28.1109 
     1.27491        29.54 
     1.21718      28.5162 
     1.12971      29.3361 
     1.25335      28.4446 
     1.16549      28.0272 
     1.27457      30.0826 
     1.26869      30.2107 
      1.1829      29.2862 
     1.26613      30.8644 
     1.25899      29.4327 
      1.1934       29.468 
     1.35369       29.078 
     1.34973      28.6157 
     1.19243      31.2121 
     1.29823      29.1597 
     1.40734      28.6168 
     1.23271      30.8176 
     1.32425       30.743 
     1.28908      29.6003 
       1.217      29.2736 
     1.26048      29.0243 
     1.25616      31.9164 
     1.33543      30.6582 
     1.28059      30.2267 
     1.39939      27.5197 
      1.3335        31.36 
     1.42112      28.1151 
     1.39275      29.0829 
     1.31777      28.0634 
     1.32293      30.1777 
      1.2696      31.1687 
     1.22437      30.7257 
     1.26817      28.3313 
     1.57155      29.3066 
     1.31778      30.7027 
     1.21995      27.8178 
     1.22397       27.779 
     1.35738      29.9696 
     1.31141      29.9602 
     1.32808      30.9084 
     1.25224      29.7401 
     1.14003      28.2352 
     1.24156      27.9856 
     1.29657      27.8158 
     1.22961      27.3809 
     1.26631      29.3575 
     1.32054      28.3348 
     1.22027      29.2528 
     1.32336      28.4392 
     1.34621      29.2398 
     1.18057        28.94 
     1.16969      29.4778 
      1.2847      29.6427 
     1.28086      30.5834 
     1.35915      29.8755 
     1.40065      28.3294 
     1.37542      28.8479 
     1.30374      28.8545 
     1.30511      30.8405 
     1.34844      30.6233 
      1.4745      27.9299 
     1.28521       28.808 
     1.22898      30.0543 
     1.38671      29.8979 
     1.18572      28.3967 
     1.30227      29.8114 
     1.24601       29.077 
     1.44518      27.9888 
     1.34169      29.3426 
     1.38347      29.7778 
     1.31768      29.8343 
     1.24667      27.2541 
     1.30038      27.6251 
     1.28346      29.8216 
     1.34099      27.1503 
     1.32387      27.8511 
     1.31284      28.9029 
     1.53678      30.3985 
     1.35119      29.1181 
     1.40585      29.3157 
     1.32507      29.1615 
     1.32143      31.3659 
     1.29657      30.7042 
     1.46743      31.6381 
     1.36732      31.6028 
     1.45828      31.1931 
     1.43467       29.962 
     1.42965      30.3449 
     1.47363      30.7581 
     1.36911      29.5362 
     1.28759      30.4402 
      1.3797      28.6275 
     1.43881      30.7644 
     1.27075      29.5562 
     1.33347      30.4762 
     1.34616      30.5721 
     1.46617      30.2397 
     1.33427      31.3262 
     1.28819      29.6778 
     1.43289      29.3723 
     1.36335      29.4353 
     1.33259      29.6953 
     1.34059      29.8532 
     1.33708       30.535 
     1.35526      27.6708 
     1.33451      27.1879 
     1.40106      28.9892 
     1.27438      29.7775 
     1.48334      30.8017 
     1.34496      29.2538 
      1.3111      29.8489 
     1.45867      29.2125 
     1.24629      33.3115 
      1.3665      30.7693 
     1.26631      31.8047 
     1.35203      30.3609 
     1.39456      30.8943 
     1.30259      30.0265 
      1.2522      29.6121 
     1.37478      30.7897 
     1.32747      28.2268 
     1.24624      32.0482 
     1.36289      28.9127 
     1.29508      28.6085 
     1.33048      28.9925 
     1.41502      26.9391 
     1.52909      28.3759 
      1.4067       26.257 
     1.36307      27.8826 
     1.36834      29.4377 
     1.35918      28.9312 
     1.44927      28.4346 
     1.41818      29.1017 
     1.28156      30.9207 
     1.45796      29.2863 
      1.5009      27.3661 
     1.33754        28.29 
     1.47069      30.4064 
      1.3599      30.0643 
     1.44374      29.8184 
     1.41004      30.0834 
     1.34176      28.8013 
     1.41989      28.5612 
     1.47595      29.8861 
     1.35895      30.6114 
      1.4848      29.9079 
     1.46484      29.4521 
     1.37712      29.7144 
     1.44256      28.8681 
      1.3769      29.4566 
     1.32167      30.3084 
     1.41071      29.6089 
     1.36053      31.2651 
     1.51829      28.5642 
     1.50216      30.7673 
     1.47952      29.3405 
     1.41959      29.3932 
     1.48013      28.5827 
     1.36589      29.9992 
     1.56998      29.8678 
       1.599      28.2447 
     1.34723      28.5093 
     1.41755      27.8372 
     1.60664      27.4355 
     1.41206      30.5014 
     1.48687      27.4708 
     1.35555      28.1502 
     1.46006      27.3602 
     1.50708      28.9238 
     1.37422      28.4817 
     1.38157      28.6693 
     1.34126      28.4152 
     1.47398      30.3138 
     1.50692      29.9617 
     1.33752      28.7724 
     1.44913      30.5864 
     1.59766      29.7366 
     1.49535      27.3427 
     1.40386      29.4434 
     1.47737      29.2236 
     1.51558      29.2522 
     1.41718      28.9269 
     1.57219      28.7493 
     1.37809      28.1084 
     1.33119      27.7957 
     1.39533      28.0064 
     1.33965       29.569 
     1.59025       31.645 
     1.57226      29.2592 
     1.48029      30.4438 
     1.46479      29.4622 
     1.51309      29.3132 
     1.45613      26.5853 
     1.50077      28.2238 
     1.46901      28.4984 
     1.47502      27.7749 
      1.4351      30.1372 
     1.45432      29.2541 
     1.30928      28.6364 
     1.50759      29.8837 
     1.49505      28.7894 
     1.62757      28.4399 
     1.51572      30.3476 
      1.4154      29.7447 
     1.51356      27.2997 
     1.49634      28.6274 
       1.425      28.9566 
     1.47764      28.3262 
     1.50885      28.5118 
     1.67777      26.5896 
     1.43071      27.2074 
     1.45251      28.2413 
     1.48285      29.7527 
     1.45901      27.5116 
     1.58627      27.6849 
     1.47648      27.9773 
     1.48061      28.6074 
     1.50853       27.511 
     1.56496      28.1428 
     1.46701      28.0087 
      1.5119      25.8045 
     1.62259      26.5954 
     1.55718      27.5058 
     1.62949       27.844 
     1.52764      28.2507 
     1.50673      26.5498 
     1.59728      25.8094 
     1.49956      26.8525 
     1.51663      28.7648 
     1.51455      26.3075 
     1.61594      25.7034 
     1.46409      27.2497 
     1.62729      27.4512 
     1.48537      29.1819 
     1.49349      27.0472 
     1.57657      28.1477 
     1.40963      29.1796 
     1.50923      28.0014 
     1.47163      27.1946 
      1.4857      27.3137 
     1.66584      27.7419 
     1.39367      28.0707 
     1.54326      29.4797 
     1.43053      27.6797 
     1.48286      26.8764 
     1.56207      26.0743 
     1.54692      28.7962 
     1.61905      26.5975 
     1.59544       30.042 
     1.44538      26.6766 
     1.59941      25.7284 
     1.51226      26.3248 
     1.65962      27.7714 
     1.65727      27.8943 
     1.45475      26.8617 
     1.56013       25.986 
     1.59115      27.0276 
      1.6567      26.5952 
     1.61124      28.2166 
     1.57185      28.0577 
     1.48327      28.4717 
     1.54852      27.5739 
     1.51968      28.5717 
     1.57596      29.3787 
     1.43591      28.3288 
     1.60314      28.9761 
     1.51024      28.6891 
     1.76589      28.4068 
     1.61864      28.9176 
     1.56531      28.3907 
     1.77985      28.7229 
     1.60384      29.1927 
     1.70033      29.4761 
      1.5075      27.1965 
     1.49855      26.0783 
     1.67491      25.8401 
     1.54075      26.3005 
     1.54613      25.4313 
     1.56347      25.8379 
      1.5261      26.1825 
     1.50886      25.1309 
     1.54574      27.0856 
     1.74799      26.8309 
     1.71245      26.2029 
     1.69095      26.0601 
     1.53753      25.8767 
       1.495      26.8335 
     1.50981      28.4545 
      1.6985      26.2656 
     1.49696      25.8561 
     1.49636      26.9976 
     1.48035      27.5988 
     1.47576      27.7439 
     1.59099      26.9123 
     1.63227      27.0447 
     1.58769      26.9197 
